Flo_py_wrkspace2/heads.asc
ncols 150
nrows 150
xllcorner 530200
yllcorner 8418325
cellsize 50.0
NODATA_value -999.0
[rows 34 to 50 of 150, columns 37 to 73 of 150]
9.999999776482582092e-03 9.999999776482582092e-03 6.186652556061744690e-02 1.402372568845748901e-01 2.025981843471527100e-01 2.326776981353759766e-01 3.512533605098724365e-01 4.454968571662902832e-01 5.509539842605590820e-01 6.184449791908264160e-01 7.683869600296020508e-01 9.110585451126098633e-01 1.027281045913696289e+00 1.138203978538513184e+00 1.248078465461730957e+00 1.389418959617614746e+00 1.571561694145202637e+00 1.735821723937988281e+00 1.858698606491088867e+00 1.937664985656738281e+00 1.969817996025085449e+00 1.961143612861633301e+00 1.905111670494079590e+00 1.789085030555725098e+00 1.618349552154541016e+00 1.409458160400390625e+00 1.251603960990905762e+00 1.367487668991088867e+00 1.535929560661315918e+00 1.771180629730224609e+00 2.147309780120849609e+00 2.595427274703979492e+00 3.028426885604858398e+00 3.430316686630249023e+00 3.792397022247314453e+00 4.110995769500732422e+00 4.390336513519287109e+00
9.999999776482582092e-03 9.999999776482582092e-03 7.800570875406265259e-02 2.362627536058425903e-01 4.000873267650604248e-01 5.415428876876831055e-01 6.888456344604492188e-01 8.172648549079895020e-01 9.429503679275512695e-01 1.065411329269409180e+00 1.206565976142883301e+00 1.343551635742187500e+00 1.471842646598815918e+00 1.602407217025756836e+00 1.735916376113891602e+00 1.877811908721923828e+00 2.018947124481201172e+00 2.143698453903198242e+00 2.243248224258422852e+00 2.315098762512207031e+00 2.353578329086303711e+00 2.360372304916381836e+00 2.340927362442016602e+00 2.292078733444213867e+00 2.220204830169677734e+00 2.145124912261962891e+00 2.117120742797851562e+00 2.192876815795898438e+00 2.344505310058593750e+00 2.570807933807373047e+00 2.871169090270996094e+00 3.200044155120849609e+00 3.525138378143310547e+00 3.840252876281738281e+00 4.140123844146728516e+00 4.417779922485351562e+00 4.664845466613769531e+00
9.999999776482582092e-03 9.999999776482582092e-03 5.750884115695953369e-02 2.950675189495086670e-01 5.841389894485473633e-01 8.009975552558898926e-01 9.834753274917602539e-01 1.144870638847351074e+00 1.296878337860107422e+00 1.447830915451049805e+00 1.602735280990600586e+00 1.749426841735839844e+00 1.882828235626220703e+00 2.018113613128662109e+00 2.159372329711914062e+00 2.296201229095458984e+00 2.415522336959838867e+00 2.522102594375610352e+00 2.611534357070922852e+00 2.680554866790771484e+00 2.728007078170776367e+00 2.751468181610107422e+00 2.759746551513671875e+00 2.758152484893798828e+00 2.746637105941772461e+00 2.744587182998657227e+00 2.778269290924072266e+00 2.866249084472656250e+00 3.008902549743652344e+00 3.211399793624877930e+00 3.456121921539306641e+00 3.715826988220214844e+00 3.975204706192016602e+00 4.229482173919677734e+00 4.476982116699218750e+00 4.710510253906250000e+00 4.924050331115722656e+00
9.999999776482582092e-03 9.999999776482582092e-03 9.999999776482582092e-03 4.517363905906677246e-01 7.837092876434326172e-01 1.035893797874450684e+00 1.248930811882019043e+00 1.438669204711914062e+00 1.615473031997680664e+00 1.789334774017333984e+00 1.962321758270263672e+00 2.121582508087158203e+00 2.258429765701293945e+00 2.391534805297851562e+00 2.531806230545043945e+00 2.663077592849731445e+00 2.777369737625122070e+00 2.877491474151611328e+00 2.962237596511840820e+00 3.030397653579711914e+00 3.084205865859985352e+00 3.122647047042846680e+00 3.150436878204345703e+00 3.177190303802490234e+00 3.204075574874877930e+00 3.243362665176391602e+00 3.309530258178710938e+00 3.412133216857910156e+00 3.547069549560546875e+00 3.722526788711547852e+00 3.928236484527587891e+00 4.144309520721435547e+00 4.362356662750244141e+00 4.574697017669677734e+00 4.779061794281005859e+00 4.973367214202880859e+00 5.156610488891601562e+00
9.999999776482582092e-03 9.999999776482582092e-03 2.277335226535797119e-01 6.527034044265747070e-01 9.928138852119445801e-01 1.262173295021057129e+00 1.497244954109191895e+00 1.709199547767639160e+00 1.905196309089660645e+00 2.094744205474853516e+00 2.280592441558837891e+00 2.447546243667602539e+00 2.591584682464599609e+00 2.725807666778564453e+00 2.861870527267456055e+00 2.991862058639526367e+00 3.110577821731567383e+00 3.209674835205078125e+00 3.290707349777221680e+00 3.358564615249633789e+00 3.416380405426025391e+00 3.465586423873901367e+00 3.508059501647949219e+00 3.552820444107055664e+00 3.604848384857177734e+00 3.669983625411987305e+00 3.757871150970458984e+00 3.864352226257324219e+00 3.987591505050659180e+00 4.136776924133300781e+00 4.309945106506347656e+00 4.494465827941894531e+00 4.681503295898437500e+00 4.861591815948486328e+00 5.034732341766357422e+00 5.201908588409423828e+00 5.363052845001220703e+00
9.999999776482582092e-03 9.999999776482582092e-03 3.850983083248138428e-01 8.593540787696838379e-01 1.206596136093139648e+00 1.489185929298400879e+00 1.737454295158386230e+00 1.963885903358459473e+00 2.171643972396850586e+00 2.368747234344482422e+00 2.558879137039184570e+00 2.730303525924682617e+00 2.883666038513183594e+00 3.024912834167480469e+00 3.158364772796630859e+00 3.289384365081787109e+00 3.412507057189941406e+00 3.510998964309692383e+00 3.589337587356567383e+00 3.657050848007202148e+00 3.719135522842407227e+00 3.777231693267822266e+00 3.832690715789794922e+00 3.889910221099853516e+00 3.956557512283325195e+00 4.039326667785644531e+00 4.136950969696044922e+00 4.240775585174560547e+00 4.351683616638183594e+00 4.478230476379394531e+00 4.622737884521484375e+00 4.780121803283691406e+00 4.939821243286132812e+00 5.095493793487548828e+00 5.249048233032226562e+00 5.399122238159179688e+00 5.544260978698730469e+00
6.804758310317993164e-02 2.721452414989471436e-01 6.967253684997558594e-01 1.099033117294311523e+00 1.430300474166870117e+00 1.713722348213195801e+00 1.968216657638549805e+00 2.202186822891235352e+00 2.417631626129150391e+00 2.618436336517333984e+00 2.808262586593627930e+00 2.984915971755981445e+00 3.148316383361816406e+00 3.294945955276489258e+00 3.427708387374877930e+00 3.555432796478271484e+00 3.675996065139770508e+00 3.776461362838745117e+00 3.855068922042846680e+00 3.923811912536621094e+00 3.990051269531250000e+00 4.055309295654296875e+00 4.120058059692382812e+00 4.185514926910400391e+00 4.261603355407714844e+00 4.352016448974609375e+00 4.452061176300048828e+00 4.553614139556884766e+00 4.652846813201904297e+00 4.760511398315429688e+00 4.882056713104248047e+00 5.015877723693847656e+00 5.152207374572753906e+00 5.290735244750976562e+00 5.431149005889892578e+00 5.565213680267333984e+00 5.690916061401367188e+00
9.999999776482582092e-03 5.160082578659057617e-01 9.519501924514770508e-01 1.321704864501953125e+00 1.643977880477905273e+00 1.927865743637084961e+00 2.185230255126953125e+00 2.424083471298217773e+00 2.645465373992919922e+00 2.847787857055664062e+00 3.037165164947509766e+00 3.218499422073364258e+00 3.386602878570556641e+00 3.536064863204956055e+00 3.667444944381713867e+00 3.788088321685791016e+00 3.903321743011474609e+00 4.004869461059570312e+00 4.087560653686523438e+00 4.160462379455566406e+00 4.229394435882568359e+00 4.298532485961914062e+00 4.368327617645263672e+00 4.439215183258056641e+00 4.518567562103271484e+00 4.609205245971679688e+00 4.709616661071777344e+00 4.807649612426757812e+00 4.897141456604003906e+00 4.991777420043945312e+00 5.097179412841796875e+00 5.211096763610839844e+00 5.328757762908935547e+00 5.454655170440673828e+00 5.582168579101562500e+00 5.697564125061035156e+00 5.801060676574707031e+00
2.737826406955718994e-01 7.598798274993896484e-01 1.177469849586486816e+00 1.530468583106994629e+00 1.846305966377258301e+00 2.131498575210571289e+00 2.389490365982055664e+00 2.630778789520263672e+00 2.854129314422607422e+00 3.055490970611572266e+00 3.244083404541015625e+00 3.424596071243286133e+00 3.592787504196166992e+00 3.743866920471191406e+00 3.875214099884033203e+00 3.993992090225219727e+00 4.104350090026855469e+00 4.202243328094482422e+00 4.288262844085693359e+00 4.365752220153808594e+00 4.437201499938964844e+00 4.508172035217285156e+00 4.579899787902832031e+00 4.652827262878417969e+00 4.731194972991943359e+00 4.819754600524902344e+00 4.915240764617919922e+00 5.005749225616455078e+00 5.089036941528320312e+00 5.175766944885253906e+00 5.269497871398925781e+00 5.367304325103759766e+00 5.470728874206542969e+00 5.584001541137695312e+00 5.697254657745361328e+00 5.796503067016601562e+00 5.882109165191650391e+00
4.897479414939880371e-01 9.726490974426269531e-01 1.381249070167541504e+00 1.730499029159545898e+00 2.042343139648437500e+00 2.326174259185791016e+00 2.582573890686035156e+00 2.822660684585571289e+00 3.042098760604858398e+00 3.241117715835571289e+00 3.427204370498657227e+00 3.602859258651733398e+00 3.766763925552368164e+00 3.916893005371093750e+00 4.053432464599609375e+00 4.176159858703613281e+00 4.281843185424804688e+00 4.375764846801757812e+00 4.462837219238281250e+00 4.542124271392822266e+00 4.614360809326171875e+00 4.685158729553222656e+00 4.756340980529785156e+00 4.829432964324951172e+00 4.905938625335693359e+00 4.989175796508789062e+00 5.074965000152587891e+00 5.158140659332275391e+00 5.238463878631591797e+00 5.318751335144042969e+00 5.401611804962158203e+00 5.485970020294189453e+00 5.575771331787109375e+00 5.673835754394531250e+00 5.772273540496826172e+00 5.860811233520507812e+00 5.935402393341064453e+00
6.328567862510681152e-01 1.157750487327575684e+00 1.577336549758911133e+00 1.928654313087463379e+00 2.235094070434570312e+00 2.510859727859497070e+00 2.763519763946533203e+00 2.998661279678344727e+00 3.212422132492065430e+00 3.408372640609741211e+00 3.589790344238281250e+00 3.758699417114257812e+00 3.915250539779663086e+00 4.062447071075439453e+00 4.201704025268554688e+00 4.325831413269042969e+00 4.430724143981933594e+00 4.525747299194335938e+00 4.614651203155517578e+00 4.693410873413085938e+00 4.762539386749267578e+00 4.829520225524902344e+00 4.898441314697265625e+00 4.969586372375488281e+00 5.043015480041503906e+00 5.120446681976318359e+00 5.200192451477050781e+00 5.279276371002197266e+00 5.355843067169189453e+00 5.427962779998779297e+00 5.498298645019531250e+00 5.568973541259765625e+00 5.643937110900878906e+00 5.724842548370361328e+00 5.807951450347900391e+00 5.887068271636962891e+00 5.954147815704345703e+00
7.883234024047851562e-01 1.349606752395629883e+00 1.777116417884826660e+00 2.125831365585327148e+00 2.421979427337646484e+00 2.684716463088989258e+00 2.930210351943969727e+00 3.159938097000122070e+00 3.368231773376464844e+00 3.556940555572509766e+00 3.732078552246093750e+00 3.895093202590942383e+00 4.045163154602050781e+00 4.186464309692382812e+00 4.320291519165039062e+00 4.441530704498291016e+00 4.549467563629150391e+00 4.648617744445800781e+00 4.739654064178466797e+00 4.817271232604980469e+00 4.881523132324218750e+00 4.942343235015869141e+00 5.006808280944824219e+00 5.073792934417724609e+00 5.143665790557861328e+00 5.217667579650878906e+00 5.294468402862548828e+00 5.369967460632324219e+00 5.440481662750244141e+00 5.503441333770751953e+00 5.560770034790039062e+00 5.617744445800781250e+00 5.677761554718017578e+00 5.741097450256347656e+00 5.807497978210449219e+00 5.874540805816650391e+00 5.933776378631591797e+00
1.076849699020385742e+00 1.572896361351013184e+00 1.977252602577209473e+00 2.314356803894042969e+00 2.597013235092163086e+00 2.847678899765014648e+00 3.085005044937133789e+00 3.306880235671997070e+00 3.507185935974121094e+00 3.687781810760498047e+00 3.855362653732299805e+00 4.011962413787841797e+00 4.156416416168212891e+00 4.289675235748291016e+00 4.415050029754638672e+00 4.532907009124755859e+00 4.643068790435791016e+00 4.743143081665039062e+00 4.831832885742187500e+00 4.904859066009521484e+00 4.965137004852294922e+00 5.022185802459716797e+00 5.082136631011962891e+00 5.144128322601318359e+00 5.208953857421875000e+00 5.278055191040039062e+00 5.349130630493164062e+00 5.418535709381103516e+00 5.482390880584716797e+00 5.538478851318359375e+00 5.588559627532958984e+00 5.635368347167968750e+00 5.680906295776367188e+00 5.727099895477294922e+00 5.776491165161132812e+00 5.828446388244628906e+00 5.876415252685546875e+00
1.336801528930664062e+00 1.786027312278747559e+00 2.168497800827026367e+00 2.489677667617797852e+00 2.760865211486816406e+00 3.003139972686767578e+00 3.228771686553955078e+00 3.438916206359863281e+00 3.630110740661621094e+00 3.802028417587280273e+00 3.960150957107543945e+00 4.108508110046386719e+00 4.246336936950683594e+00 4.371796607971191406e+00 4.489629268646240234e+00 4.604143619537353516e+00 4.713207721710205078e+00 4.809309959411621094e+00 4.888444900512695312e+00 4.953958034515380859e+00 5.012159347534179688e+00 5.068527698516845703e+00 5.124986648559570312e+00 5.181456565856933594e+00 5.239784240722656250e+00 5.300942420959472656e+00 5.362288951873779297e+00 5.422066211700439453e+00 5.479082107543945312e+00 5.532621383666992188e+00 5.581988334655761719e+00 5.621962547302246094e+00 5.653414726257324219e+00 5.683840751647949219e+00 5.718553543090820312e+00 5.755767822265625000e+00 5.789659976959228516e+00
1.597262978553771973e+00 2.006073713302612305e+00 2.359865903854370117e+00 2.660321950912475586e+00 2.919138431549072266e+00 3.149308204650878906e+00 3.360178232192993164e+00 3.556410551071166992e+00 3.736135482788085938e+00 3.898272991180419922e+00 4.046124458312988281e+00 4.184903144836425781e+00 4.313746452331542969e+00 4.430693149566650391e+00 4.540909290313720703e+00 4.650245189666748047e+00 4.755677700042724609e+00 4.845614433288574219e+00 4.913908481597900391e+00 4.971604347229003906e+00 5.027698993682861328e+00 5.082642555236816406e+00 5.135758876800537109e+00 5.187478542327880859e+00 5.239016532897949219e+00 5.290935993194580078e+00 5.341635704040527344e+00 5.391337394714355469e+00 5.441447734832763672e+00 5.492974281311035156e+00 5.541242122650146484e+00 5.575119018554687500e+00 5.594447135925292969e+00 5.611218929290771484e+00 5.633758544921875000e+00 5.659137248992919922e+00 5.681519508361816406e+00
1.850651264190673828e+00 2.232110500335693359e+00 2.555290222167968750e+00 2.829995155334472656e+00 3.070069789886474609e+00 3.283688545227050781e+00 3.478878021240234375e+00 3.660350084304809570e+00 3.827685356140136719e+00 3.978571891784667969e+00 4.114081382751464844e+00 4.239871501922607422e+00 4.357696533203125000e+00 4.465564727783203125e+00 4.566720962524414062e+00 4.668247222900390625e+00 4.767442226409912109e+00 4.849888801574707031e+00 4.910765647888183594e+00 4.963000297546386719e+00 5.015580654144287109e+00 5.066566944122314453e+00 5.115479946136474609e+00 5.163071155548095703e+00 5.208855152130126953e+00 5.252985000610351562e+00 5.295105934143066406e+00 5.336184501647949219e+00 5.379598140716552734e+00 5.425778865814208984e+00 5.468111038208007812e+00 5.494844913482666016e+00 5.504796504974365234e+00 5.510198593139648438e+00 5.520917415618896484e+00 5.536915302276611328e+00 5.551041126251220703e+00
2.118779897689819336e+00 2.465027570724487305e+00 2.754541397094726562e+00 2.999488115310668945e+00 3.213704824447631836e+00 3.406101465225219727e+00 3.583861351013183594e+00 3.751750230789184570e+00 3.908106327056884766e+00 4.046487808227539062e+00 4.164813518524169922e+00 4.272735118865966797e+00 4.377472877502441406e+00 4.475797176361083984e+00 4.567242622375488281e+00 4.657601833343505859e+00 4.746206760406494141e+00 4.821561336517333984e+00 4.878857612609863281e+00 4.928035736083984375e+00 4.976579189300537109e+00 5.022496700286865234e+00 5.066012382507324219e+00 5.108927726745605469e+00 5.149930953979492188e+00 5.188208580017089844e+00 5.223892688751220703e+00 5.257416248321533203e+00 5.293510437011718750e+00 5.332096099853515625e+00 5.365766525268554688e+00 5.384136676788330078e+00 5.385934352874755859e+00 5.382148742675781250e+00 5.380946159362792969e+00 5.385887622833251953e+00 5.390675544738769531e+00
