Flo_py_wrkspace2/heads.asc
ncols 150
nrows 150
xllcorner 530200
yllcorner 8418325
cellsize 50.0
NODATA_value -999.0
[rows 68 to 84 of 150, columns 0 to 36 of 150]
9.999999776482582092e-03 9.999999776482582092e-03 9.999999776482582092e-03 9.999999776482582092e-03 9.999999776482582092e-03 4.460415542125701904e-01 1.139802813529968262e+00 2.344172954559326172e+00 3.347183227539062500e+00 4.143172740936279297e+00 4.777952671051025391e+00 5.291267395019531250e+00 5.703002452850341797e+00 6.030329704284667969e+00 6.292963504791259766e+00 6.507503032684326172e+00 6.670033454895019531e+00 6.772764205932617188e+00 6.820668220520019531e+00 6.826686859130859375e+00 6.804194927215576172e+00 6.767167091369628906e+00 6.733385086059570312e+00 6.713799476623535156e+00 6.651281356811523438e+00 6.541082382202148438e+00 6.425144672393798828e+00 6.285931587219238281e+00 6.133477687835693359e+00 5.965065002441406250e+00 5.782838821411132812e+00 5.580766677856445312e+00 5.353621482849121094e+00 5.101170063018798828e+00 4.823423385620117188e+00 4.523898601531982422e+00 4.206523895263671875e+00
9.999999776482582092e-03 9.999999776482582092e-03 9.999999776482582092e-03 9.999999776482582092e-03 9.999999776482582092e-03 1.291494727134704590e+00 2.539557695388793945e+00 3.544427156448364258e+00 4.389670848846435547e+00 5.087701320648193359e+00 5.648667335510253906e+00 6.095910072326660156e+00 6.448001861572265625e+00 6.723989963531494141e+00 6.939398288726806641e+00 7.102414608001708984e+00 7.219583034515380859e+00 7.284802436828613281e+00 7.294239044189453125e+00 7.250679016113281250e+00 7.168731689453125000e+00 7.068708896636962891e+00 6.995152473449707031e+00 6.914400100708007812e+00 6.801344394683837891e+00 6.684970855712890625e+00 6.560753345489501953e+00 6.423256397247314453e+00 6.270648956298828125e+00 6.099565029144287109e+00 5.911033630371093750e+00 5.700350284576416016e+00 5.461789608001708984e+00 5.195095062255859375e+00 4.902780532836914062e+00 4.586260795593261719e+00 4.246898651123046875e+00
9.999999776482582092e-03 9.999999776482582092e-03 9.999999776482582092e-03 1.363004326820373535e+00 1.910983562469482422e+00 3.132516622543334961e+00 4.074013233184814453e+00 4.862837791442871094e+00 5.538564682006835938e+00 6.107713222503662109e+00 6.573038101196289062e+00 6.941465377807617188e+00 7.224590301513671875e+00 7.439670562744140625e+00 7.601048946380615234e+00 7.710975646972656250e+00 7.775897979736328125e+00 7.796963691711425781e+00 7.765420913696289062e+00 7.671257972717285156e+00 7.521092414855957031e+00 7.317116260528564453e+00 7.169051170349121094e+00 7.055553436279296875e+00 6.943765163421630859e+00 6.826877593994140625e+00 6.701788425445556641e+00 6.565254688262939453e+00 6.414899826049804688e+00 6.245295047760009766e+00 6.054113864898681641e+00 5.837944507598876953e+00 5.589961528778076172e+00 5.310163974761962891e+00 5.001417160034179688e+00 4.664647102355957031e+00 4.298021793365478516e+00
9.999999776482582092e-03 1.345446014404296875e+01 5.614829063415527344e+00 4.452726840972900391e+00 4.552077770233154297e+00 5.121357917785644531e+00 5.714584827423095703e+00 6.257949352264404297e+00 6.747141838073730469e+00 7.170843124389648438e+00 7.527496337890625000e+00 7.806122303009033203e+00 8.019892692565917969e+00 8.178155899047851562e+00 8.282373428344726562e+00 8.337404251098632812e+00 8.347917556762695312e+00 8.317410469055175781e+00 8.242224693298339844e+00 8.104734420776367188e+00 7.896595478057861328e+00 7.585964202880859375e+00 7.281677722930908203e+00 7.184554576873779297e+00 7.080573081970214844e+00 6.965960502624511719e+00 6.843022346496582031e+00 6.711374282836914062e+00 6.566589832305908203e+00 6.403341293334960938e+00 6.214372158050537109e+00 5.995577335357666016e+00 5.741731166839599609e+00 5.450824737548828125e+00 5.125034332275390625e+00 4.764531612396240234e+00 4.366197586059570312e+00
9.999999776482582092e-03 9.999999776482582092e-03 4.576757431030273438e+00 6.187111377716064453e+00 6.601711273193359375e+00 6.937202453613281250e+00 7.292741298675537109e+00 7.636074542999267578e+00 7.963136196136474609e+00 8.253344535827636719e+00 8.495006561279296875e+00 8.677014350891113281e+00 8.819814682006835938e+00 8.922900199890136719e+00 8.972853660583496094e+00 8.973452568054199219e+00 8.931370735168457031e+00 8.851489067077636719e+00 8.735333442687988281e+00 8.569645881652832031e+00 8.338240623474121094e+00 8.020418167114257812e+00 7.594194889068603516e+00 7.309375286102294922e+00 7.216444015502929688e+00 7.102471351623535156e+00 6.980867385864257812e+00 6.859530448913574219e+00 6.727504730224609375e+00 6.577086925506591797e+00 6.396095275878906250e+00 6.177858829498291016e+00 5.919164180755615234e+00 5.618535518646240234e+00 5.276435375213623047e+00 4.891718387603759766e+00 4.460014343261718750e+00
1.378713035583496094e+01 1.415773963928222656e+01 1.006684017181396484e+01 9.057717323303222656e+00 8.738619804382324219e+00 8.683839797973632812e+00 8.786053657531738281e+00 8.957789421081542969e+00 9.139891624450683594e+00 9.310099601745605469e+00 9.450547218322753906e+00 9.548621177673339844e+00 9.616138458251953125e+00 9.660709381103515625e+00 9.663518905639648438e+00 9.614341735839843750e+00 9.525413513183593750e+00 9.402312278747558594e+00 9.249259948730468750e+00 9.060009002685546875e+00 8.818922042846679688e+00 8.507844924926757812e+00 8.120278358459472656e+00 7.663862228393554688e+00 7.360132217407226562e+00 7.234111309051513672e+00 7.106247425079345703e+00 7.006423950195312500e+00 6.896462917327880859e+00 6.773684978485107422e+00 6.605431556701660156e+00 6.390074729919433594e+00 6.127156257629394531e+00 5.817313671112060547e+00 5.461077213287353516e+00 5.055320739746093750e+00 4.590944290161132812e+00
1.414595031738281250e+01 1.451807022094726562e+01 1.235733032226562500e+01 1.116226959228515625e+01 1.057405757904052734e+01 1.028424644470214844e+01 1.017761802673339844e+01 1.019021511077880859e+01 1.025305366516113281e+01 1.032425117492675781e+01 1.038158988952636719e+01 1.041087913513183594e+01 1.040773677825927734e+01 1.038589954376220703e+01 1.033763504028320312e+01 1.024863910675048828e+01 1.012120151519775391e+01 9.965589523315429688e+00 9.781971931457519531e+00 9.568295478820800781e+00 9.315994262695312500e+00 9.013484001159667969e+00 8.658499717712402344e+00 8.266078948974609375e+00 7.859134197235107422e+00 7.613425731658935547e+00 7.376628398895263672e+00 7.152733325958251953e+00 7.067200183868408203e+00 7.006618976593017578e+00 6.853873252868652344e+00 6.638604164123535156e+00 6.371489524841308594e+00 6.055046558380126953e+00 5.689318656921386719e+00 5.268473148345947266e+00 4.775887012481689453e+00
1.451517009735107422e+01 1.488967990875244141e+01 1.361414813995361328e+01 1.264695835113525391e+01 1.203498840332031250e+01 1.166526889801025391e+01 1.144329071044921875e+01 1.132569408416748047e+01 1.128612804412841797e+01 1.127959918975830078e+01 1.126925182342529297e+01 1.124191474914550781e+01 1.118487167358398438e+01 1.110224342346191406e+01 1.099583816528320312e+01 1.086554145812988281e+01 1.070735263824462891e+01 1.052535152435302734e+01 1.031829929351806641e+01 1.008421421051025391e+01 9.818697929382324219e+00 9.521124839782714844e+00 9.188170433044433594e+00 8.834971427917480469e+00 8.485872268676757812e+00 8.191974639892578125e+00 7.926038742065429688e+00 7.630476474761962891e+00 7.499758243560791016e+00 7.321434974670410156e+00 7.154890537261962891e+00 6.928116321563720703e+00 6.654322624206542969e+00 6.334506034851074219e+00 5.966491699218750000e+00 5.545196533203125000e+00 5.061673641204833984e+00
1.489501953125000000e+01 1.527867984771728516e+01 1.446933937072753906e+01 1.375388240814208984e+01 1.321487617492675781e+01 1.282773780822753906e+01 1.256288814544677734e+01 1.237818622589111328e+01 1.225277519226074219e+01 1.216907405853271484e+01 1.209679031372070312e+01 1.201985740661621094e+01 1.192573928833007812e+01 1.180305290222167969e+01 1.165197181701660156e+01 1.147627258300781250e+01 1.128158378601074219e+01 1.107126426696777344e+01 1.084378623962402344e+01 1.059387397766113281e+01 1.031817722320556641e+01 1.001828479766845703e+01 9.692239761352539062e+00 9.350433349609375000e+00 9.006307601928710938e+00 8.688162803649902344e+00 8.453150749206542969e+00 8.216665267944335938e+00 8.002079963684082031e+00 7.734922409057617188e+00 7.503164768218994141e+00 7.253577709197998047e+00 6.971400260925292969e+00 6.650082111358642578e+00 6.285866737365722656e+00 5.875678062438964844e+00 5.417235851287841797e+00
1.528561973571777344e+01 1.568945980072021484e+01 1.515059757232666016e+01 1.462472915649414062e+01 1.418125724792480469e+01 1.382354640960693359e+01 1.354234027862548828e+01 1.333160972595214844e+01 1.316095256805419922e+01 1.301102161407470703e+01 1.287845039367675781e+01 1.275392913818359375e+01 1.262628173828125000e+01 1.247428035736083984e+01 1.229281616210937500e+01 1.208139419555664062e+01 1.184854030609130859e+01 1.160601711273193359e+01 1.135566902160644531e+01 1.108904933929443359e+01 1.080332756042480469e+01 1.049539375305175781e+01 1.016357326507568359e+01 9.813435554504394531e+00 9.446955680847167969e+00 9.047263145446777344e+00 8.734526634216308594e+00 8.605754852294921875e+00 8.348322868347167969e+00 8.101208686828613281e+00 7.858038902282714844e+00 7.600770473480224609e+00 7.316178798675537109e+00 6.996597766876220703e+00 6.640293598175048828e+00 6.246634960174560547e+00 5.817407131195068359e+00
1.568614006042480469e+01 1.611566925048828125e+01 1.574077415466308594e+01 1.535563564300537109e+01 1.499446964263916016e+01 1.468653583526611328e+01 1.441250991821289062e+01 1.418376541137695312e+01 1.399145126342773438e+01 1.380833339691162109e+01 1.362668514251708984e+01 1.345419025421142578e+01 1.328734493255615234e+01 1.310640048980712891e+01 1.289708518981933594e+01 1.265819454193115234e+01 1.239981079101562500e+01 1.213005161285400391e+01 1.185605907440185547e+01 1.157239913940429688e+01 1.127283000946044922e+01 1.095175933837890625e+01 1.060805034637451172e+01 1.024301624298095703e+01 9.865513801574707031e+00 9.482567787170410156e+00 9.066798210144042969e+00 8.844285011291503906e+00 8.668363571166992188e+00 8.453300476074218750e+00 8.218990325927734375e+00 7.964825630187988281e+00 7.683918952941894531e+00 7.370953083038330078e+00 7.024853706359863281e+00 6.644459247589111328e+00 6.230429172515869141e+00
1.609540939331054688e+01 1.654665946960449219e+01 1.627648353576660156e+01 1.599519634246826172e+01 1.570581722259521484e+01 1.543296432495117188e+01 1.518418884277343750e+01 1.495330429077148438e+01 1.474557971954345703e+01 1.454761314392089844e+01 1.433865451812744141e+01 1.412798309326171875e+01 1.391504192352294922e+01 1.369778442382812500e+01 1.346359252929687500e+01 1.320359134674072266e+01 1.292574119567871094e+01 1.263415336608886719e+01 1.233672237396240234e+01 1.203651618957519531e+01 1.172315120697021484e+01 1.138743972778320312e+01 1.102652740478515625e+01 1.063811874389648438e+01 1.023561382293701172e+01 9.894392013549804688e+00 9.523365974426269531e+00 9.169794082641601562e+00 9.008077621459960938e+00 8.812965393066406250e+00 8.590907096862792969e+00 8.344895362854003906e+00 8.072110176086425781e+00 7.768812179565429688e+00 7.433050155639648438e+00 7.060478210449218750e+00 6.653176307678222656e+00
1.651226997375488281e+01 1.697224044799804688e+01 1.677287101745605469e+01 1.656796264648437500e+01 1.634169769287109375e+01 1.609962654113769531e+01 1.586827468872070312e+01 1.564640235900878906e+01 1.543407917022705078e+01 1.522760772705078125e+01 1.501037883758544922e+01 1.477519702911376953e+01 1.452394390106201172e+01 1.426699733734130859e+01 1.400468349456787109e+01 1.372503757476806641e+01 1.342530918121337891e+01 1.311227130889892578e+01 1.279024219512939453e+01 1.246844863891601562e+01 1.213927650451660156e+01 1.179055118560791016e+01 1.141099071502685547e+01 1.098504257202148438e+01 1.048638534545898438e+01 1.012528228759765625e+01 9.894660949707031250e+00 9.522665023803710938e+00 9.361522674560546875e+00 9.182806015014648438e+00 8.974452972412109375e+00 8.739732742309570312e+00 8.478472709655761719e+00 8.187048912048339844e+00 7.861940383911132812e+00 7.493023872375488281e+00 7.090121269226074219e+00
1.693557929992675781e+01 1.739133071899414062e+01 1.724547576904296875e+01 1.709070587158203125e+01 1.691320610046386719e+01 1.670703315734863281e+01 1.648846626281738281e+01 1.627498435974121094e+01 1.606364440917968750e+01 1.585451889038085938e+01 1.563232231140136719e+01 1.538116073608398438e+01 1.510824489593505859e+01 1.482336521148681641e+01 1.453127765655517578e+01 1.422676277160644531e+01 1.390175437927246094e+01 1.356562519073486328e+01 1.322081565856933594e+01 1.287049961090087891e+01 1.251966285705566406e+01 1.215937519073486328e+01 1.177129364013671875e+01 1.133074474334716797e+01 1.078021144866943359e+01 1.029803752899169922e+01 1.013804817199707031e+01 9.910143852233886719e+00 9.716111183166503906e+00 9.565805435180664062e+00 9.371372222900390625e+00 9.148859024047851562e+00 8.899658203125000000e+00 8.622758865356445312e+00 8.314782142639160156e+00 7.939755439758300781e+00 7.570635795593261719e+00
1.736428070068359375e+01 1.781119918823242188e+01 1.770561599731445312e+01 1.758151626586914062e+01 1.743777465820312500e+01 1.726331710815429688e+01 1.706313514709472656e+01 1.685575866699218750e+01 1.664705467224121094e+01 1.643319129943847656e+01 1.620233726501464844e+01 1.594210910797119141e+01 1.565774536132812500e+01 1.535753917694091797e+01 1.504263305664062500e+01 1.471335506439208984e+01 1.436405754089355469e+01 1.399855709075927734e+01 1.362856769561767578e+01 1.325246429443359375e+01 1.287532329559326172e+01 1.250430870056152344e+01 1.212549591064453125e+01 1.172152614593505859e+01 1.127764034271240234e+01 1.081310844421386719e+01 1.057922077178955078e+01 1.044441413879394531e+01 1.014932441711425781e+01 9.982635498046875000e+00 9.787112236022949219e+00 9.572773933410644531e+00 9.335459709167480469e+00 9.077013015747070312e+00 8.824109077453613281e+00 8.449493408203125000e+00 8.100440025329589844e+00
1.779726028442382812e+01 1.823940086364746094e+01 1.816268730163574219e+01 1.805745506286621094e+01 1.793239974975585938e+01 1.778351211547851562e+01 1.760514068603515625e+01 1.740469169616699219e+01 1.719587326049804688e+01 1.697318267822265625e+01 1.673254394531250000e+01 1.646782302856445312e+01 1.617939567565917969e+01 1.587082958221435547e+01 1.554227733612060547e+01 1.519300937652587891e+01 1.481999015808105469e+01 1.441949558258056641e+01 1.400720787048339844e+01 1.360031509399414062e+01 1.320038604736328125e+01 1.281873416900634766e+01 1.245633316040039062e+01 1.210262775421142578e+01 1.175362682342529297e+01 1.141356754302978516e+01 1.117663192749023438e+01 1.094315528869628906e+01 1.064587879180908203e+01 1.042213153839111328e+01 1.021559715270996094e+01 1.000627136230468750e+01 9.777863502502441406e+00 9.514068603515625000e+00 9.227968215942382812e+00 8.997197151184082031e+00 8.641235351562500000e+00
1.823424911499023438e+01 1.868065071105957031e+01 1.863033866882324219e+01 1.853690528869628906e+01 1.841721153259277344e+01 1.828087615966796875e+01 1.812072563171386719e+01 1.793095207214355469e+01 1.772002410888671875e+01 1.749249076843261719e+01 1.724347686767578125e+01 1.697549438476562500e+01 1.668556785583496094e+01 1.637222480773925781e+01 1.603609466552734375e+01 1.567200946807861328e+01 1.527302742004394531e+01 1.483200454711914062e+01 1.435760688781738281e+01 1.389638423919677734e+01 1.346565532684326172e+01 1.308080959320068359e+01 1.273442077636718750e+01 1.242605400085449219e+01 1.217349433898925781e+01 1.187538146972656250e+01 1.159939479827880859e+01 1.131782054901123047e+01 1.105960178375244141e+01 1.083897113800048828e+01 1.064019107818603516e+01 1.044684696197509766e+01 1.023596096038818359e+01 9.951126098632812500e+00 9.727034568786621094e+00 9.507383346557617188e+00 9.187279701232910156e+00
