Flo_py_wrkspace2/heads.asc
ncols 150
nrows 150
xllcorner 530200
yllcorner 8418325
cellsize 50.0
NODATA_value -999.0
[rows 85 to 101 of 150, columns 0 to 36 of 150]
1.867658996582031250e+01 1.913368988037109375e+01 1.910446357727050781e+01 1.902049636840820312e+01 1.890126609802246094e+01 1.876506805419921875e+01 1.861427688598632812e+01 1.843579483032226562e+01 1.822616577148437500e+01 1.799707221984863281e+01 1.774791526794433594e+01 1.747796821594238281e+01 1.718703269958496094e+01 1.687220382690429688e+01 1.653067779541015625e+01 1.615458679199218750e+01 1.573114967346191406e+01 1.523976135253906250e+01 1.466807079315185547e+01 1.412455177307128906e+01 1.363381767272949219e+01 1.325762939453125000e+01 1.293581295013427734e+01 1.264824581146240234e+01 1.241871929168701172e+01 1.221800994873046875e+01 1.191809082031250000e+01 1.165957832336425781e+01 1.142911148071289062e+01 1.122813701629638672e+01 1.105119895935058594e+01 1.089226341247558594e+01 1.075296020507812500e+01 1.050940895080566406e+01 1.031394290924072266e+01 1.005558776855468750e+01 9.734199523925781250e+00
1.912583923339843750e+01 1.959649085998535156e+01 1.957781600952148438e+01 1.950042343139648438e+01 1.938344383239746094e+01 1.924563026428222656e+01 1.909379386901855469e+01 1.892200660705566406e+01 1.871918869018554688e+01 1.848878288269042969e+01 1.824038696289062500e+01 1.797169685363769531e+01 1.768170166015625000e+01 1.736753082275390625e+01 1.702591514587402344e+01 1.665057182312011719e+01 1.621823310852050781e+01 1.568017196655273438e+01 1.490411186218261719e+01 1.425353717803955078e+01 1.363279819488525391e+01 1.332718276977539062e+01 1.305587673187255859e+01 1.281567573547363281e+01 1.261472034454345703e+01 1.241166210174560547e+01 1.218306446075439453e+01 1.196282768249511719e+01 1.176183891296386719e+01 1.158543205261230469e+01 1.143264961242675781e+01 1.130439567565917969e+01 1.121341323852539062e+01 1.114858627319335938e+01 1.088634681701660156e+01 1.058759593963623047e+01 1.025574779510498047e+01
1.958312034606933594e+01 2.006731986999511719e+01 2.005022430419921875e+01 1.997953033447265625e+01 1.986763191223144531e+01 1.972971153259277344e+01 1.957148170471191406e+01 1.939736175537109375e+01 1.920010566711425781e+01 1.897144317626953125e+01 1.871961402893066406e+01 1.845037078857421875e+01 1.816104888916015625e+01 1.784591865539550781e+01 1.750649833679199219e+01 1.715416526794433594e+01 1.675869750976562500e+01 1.629675865173339844e+01 3.006988716125488281e+01 2.850494194030761719e+01 1.341199588775634766e+01 1.331545066833496094e+01 1.317629718780517578e+01 1.298247146606445312e+01 1.280111026763916016e+01 1.261764430999755859e+01 1.242560291290283203e+01 1.223693466186523438e+01 1.206200313568115234e+01 1.190710449218750000e+01 1.177320671081542969e+01 1.166506004333496094e+01 1.159883308410644531e+01 1.161104488372802734e+01 1.145201301574707031e+01 1.111234664916992188e+01 1.075792217254638672e+01
2.004743003845214844e+01 2.054590034484863281e+01 2.052331733703613281e+01 2.045422744750976562e+01 2.034821128845214844e+01 2.021155548095703125e+01 2.005125617980957031e+01 1.987044715881347656e+01 1.966994094848632812e+01 1.944497108459472656e+01 1.919397163391113281e+01 1.892015647888183594e+01 1.862606239318847656e+01 1.829801177978515625e+01 1.794147109985351562e+01 1.762783241271972656e+01 1.729016685485839844e+01 3.779673004150390625e+01 5.792947769165039062e+01 5.346933364868164062e+01 2.917988777160644531e+01 1.334265327453613281e+01 1.325754833221435547e+01 1.312506675720214844e+01 1.297521018981933594e+01 1.281629753112792969e+01 1.265116214752197266e+01 1.248737335205078125e+01 1.233272838592529297e+01 1.219280529022216797e+01 1.207048988342285156e+01 1.196947574615478516e+01 1.189756298065185547e+01 1.186044883728027344e+01 1.183584403991699219e+01 1.163245296478271484e+01 1.124485492706298828e+01
2.051699066162109375e+01 2.103241920471191406e+01 2.099787712097167969e+01 2.092035865783691406e+01 2.081373786926269531e+01 2.067977714538574219e+01 2.052310371398925781e+01 2.034278488159179688e+01 2.014306259155273438e+01 1.992354393005371094e+01 1.967675209045410156e+01 1.939829826354980469e+01 1.909284973144531250e+01 1.874274063110351562e+01 1.828874778747558594e+01 1.807189941406250000e+01 4.431749725341796875e+01 7.432540893554687500e+01 8.153424072265625000e+01 6.755945587158203125e+01 3.710449981689453125e+01 1.343786621093750000e+01 1.337349224090576172e+01 1.327229118347167969e+01 1.314828586578369141e+01 1.300987625122070312e+01 1.286363697052001953e+01 1.271715545654296875e+01 1.257660198211669922e+01 1.244638252258300781e+01 1.233054542541503906e+01 1.223233699798583984e+01 1.215272998809814453e+01 1.209107494354248047e+01 1.203704643249511719e+01 1.197795581817626953e+01 1.168325042724609375e+01
2.098991012573242188e+01 2.152660942077636719e+01 2.146237945556640625e+01 2.136882400512695312e+01 2.125563812255859375e+01 2.112664413452148438e+01 2.098180580139160156e+01 2.081510353088378906e+01 2.062942123413085938e+01 2.042155075073242188e+01 2.018004989624023438e+01 1.989755249023437500e+01 1.958591842651367188e+01 1.925188255310058594e+01 4.281433105468750000e+01 6.362724685668945312e+01 9.364722442626953125e+01 1.055738754272460938e+02 9.598651123046875000e+01 6.739038085937500000e+01 3.164021873474121094e+01 1.358072471618652344e+01 1.351963043212890625e+01 1.343123245239257812e+01 1.332288074493408203e+01 1.319933414459228516e+01 1.306571483612060547e+01 1.292873668670654297e+01 1.279700851440429688e+01 1.267353534698486328e+01 1.256063842773437500e+01 1.246285152435302734e+01 1.237790966033935547e+01 1.230396270751953125e+01 1.223592567443847656e+01 1.216831588745117188e+01 1.198003005981445312e+01
2.146154022216796875e+01 2.202076911926269531e+01 2.191637992858886719e+01 2.180400848388671875e+01 2.168460464477539062e+01 2.156060028076171875e+01 2.143115234375000000e+01 2.129017257690429688e+01 2.113109016418457031e+01 2.094565391540527344e+01 2.071577453613281250e+01 2.041754531860351562e+01 2.009361457824707031e+01 4.925076675415039062e+01 9.312954711914062500e+01 1.191738357543945312e+02 1.337568817138671875e+02 1.281879425048828125e+02 9.654069519042968750e+01 4.231793212890625000e+01 1.388843536376953125e+01 1.376910972595214844e+01 1.368653964996337891e+01 1.360059165954589844e+01 1.350085163116455078e+01 1.338592720031738281e+01 1.325785160064697266e+01 1.312192344665527344e+01 1.299296474456787109e+01 1.287543773651123047e+01 1.276516628265380859e+01 1.266527938842773438e+01 1.257692909240722656e+01 1.249759674072265625e+01 1.242330932617187500e+01 1.235348987579345703e+01 1.222691154479980469e+01
2.192517089843750000e+01 2.250156974792480469e+01 2.236598014831542969e+01 2.223768997192382812e+01 2.211319732666015625e+01 2.199330329895019531e+01 2.187602806091308594e+01 2.176199150085449219e+01 2.164472389221191406e+01 2.150697708129882812e+01 2.131471633911132812e+01 2.095284461975097656e+01 4.958596801757812500e+01 9.876055908203125000e+01 1.360854339599609375e+02 1.590231323242187500e+02 1.646439666748046875e+02 1.452117156982421875e+02 8.531278991699218750e+01 1.405569458007812500e+01 1.397297763824462891e+01 1.391042518615722656e+01 1.384622287750244141e+01 1.377119255065917969e+01 1.368074417114257812e+01 1.357197475433349609e+01 1.344394016265869141e+01 1.329593944549560547e+01 1.316162586212158203e+01 1.304978942871093750e+01 1.294482612609863281e+01 1.284447193145751953e+01 1.275375080108642578e+01 1.267242336273193359e+01 1.259232997894287109e+01 1.250674915313720703e+01 1.244597053527832031e+01
2.237408065795898438e+01 2.295558929443359375e+01 2.280308532714843750e+01 2.266320228576660156e+01 2.253223228454589844e+01 2.241147613525390625e+01 2.230458068847656250e+01 2.221814155578613281e+01 2.216006278991699219e+01 2.211140632629394531e+01 2.208288574218750000e+01 4.300819778442382812e+01 9.071762084960937500e+01 1.339760131835937500e+02 1.673634490966796875e+02 1.871745147705078125e+02 1.890002288818359375e+02 1.679210510253906250e+02 1.201423339843750000e+02 4.954301071166992188e+01 1.402693557739257812e+01 1.404334259033203125e+01 1.400497436523437500e+01 1.394268703460693359e+01 1.386260509490966797e+01 1.376227474212646484e+01 1.363516902923583984e+01 1.344464874267578125e+01 1.329536914825439453e+01 1.319949913024902344e+01 1.310199928283691406e+01 1.300051212310791016e+01 1.291089916229248047e+01 1.283329486846923828e+01 1.275235557556152344e+01 1.271037864685058594e+01 1.267441272735595703e+01
2.280491065979003906e+01 2.337705993652343750e+01 2.321823120117187500e+01 2.306825637817382812e+01 2.292612457275390625e+01 2.279813766479492188e+01 2.269301795959472656e+01 2.262890243530273438e+01 2.264849472045898438e+01 2.268302917480468750e+01 2.273814964294433594e+01 5.494446945190429688e+01 1.080116500854492188e+02 1.529210205078125000e+02 1.864539642333984375e+02 2.049437255859375000e+02 2.050693511962890625e+02 1.838496551513671875e+02 1.411609802246093750e+02 8.244536590576171875e+01 2.963158798217773438e+01 1.422054100036621094e+01 1.417541885375976562e+01 1.411598873138427734e+01 1.404582786560058594e+01 1.396451759338378906e+01 1.387579917907714844e+01 1.368734741210937500e+01 1.347189426422119141e+01 1.333775615692138672e+01 1.325134468078613281e+01 1.313153648376464844e+01 1.304438018798828125e+01 1.298566246032714844e+01 1.296182918548583984e+01 1.295996761322021484e+01 1.292113971710205078e+01
2.322022056579589844e+01 2.377347946166992188e+01 2.361050605773925781e+01 2.344802284240722656e+01 2.328681755065917969e+01 2.314378738403320312e+01 2.301799011230468750e+01 2.293170928955078125e+01 2.310366630554199219e+01 2.320695114135742188e+01 2.331185722351074219e+01 4.881364059448242188e+01 1.059282073974609375e+02 1.576589202880859375e+02 1.946251983642578125e+02 2.129288024902343750e+02 2.114223022460937500e+02 1.886889190673828125e+02 1.432919158935546875e+02 7.172515869140625000e+01 1.454812812805175781e+01 1.442207908630371094e+01 1.434788513183593750e+01 1.428520679473876953e+01 1.422347354888916016e+01 1.416023635864257812e+01 1.409587287902832031e+01 1.395335197448730469e+01 1.371106147766113281e+01 1.349471855163574219e+01 1.342410755157470703e+01 1.336197757720947266e+01 1.328098011016845703e+01 1.322341060638427734e+01 1.321933650970458984e+01 1.319591522216796875e+01 1.315152645111083984e+01
2.362314033508300781e+01 2.415369033813476562e+01 2.398710632324218750e+01 2.380340194702148438e+01 2.360740280151367188e+01 2.345040893554687500e+01 2.327876091003417969e+01 2.921133995056152344e+01 2.360798645019531250e+01 2.368482971191406250e+01 2.385626983642578125e+01 2.424637985229492188e+01 8.281098175048828125e+01 1.522849426269531250e+02 1.937698516845703125e+02 2.116791076660156250e+02 2.088562011718750000e+02 1.850124664306640625e+02 1.386414031982421875e+02 6.730300140380859375e+01 1.462270164489746094e+01 1.455781841278076172e+01 1.449681186676025391e+01 1.444138145446777344e+01 1.439046859741210938e+01 1.434393215179443359e+01 1.430114078521728516e+01 1.420368480682373047e+01 1.401261234283447266e+01 1.380529785156250000e+01 1.370545768737792969e+01 1.366841220855712891e+01 1.359282207489013672e+01 1.351206016540527344e+01 1.345298385620117188e+01 1.340508556365966797e+01 1.335990905761718750e+01
2.401563072204589844e+01 2.452433967590332031e+01 2.435221099853515625e+01 2.414327430725097656e+01 2.386561584472656250e+01 2.374974441528320312e+01 3.950466156005859375e+01 4.141212844848632812e+01 2.399005317687988281e+01 2.401737785339355469e+01 2.410725021362304688e+01 2.433904075622558594e+01 8.319331359863281250e+01 1.497811584472656250e+02 1.870584869384765625e+02 2.018612670898437500e+02 1.974259948730468750e+02 1.730706634521484375e+02 1.273159561157226562e+02 6.061941909790039062e+01 1.472076416015625000e+01 1.467693233489990234e+01 1.462853431701660156e+01 1.458250045776367188e+01 1.454277992248535156e+01 1.451226902008056641e+01 1.448951816558837891e+01 1.445806884765625000e+01 1.429694080352783203e+01 1.414594745635986328e+01 1.403869724273681641e+01 1.395460987091064453e+01 1.385365676879882812e+01 1.373235034942626953e+01 1.363676834106445312e+01 1.357071018218994141e+01 1.352114200592041016e+01
2.439454078674316406e+01 2.488253021240234375e+01 2.471985054016113281e+01 2.452716636657714844e+01 4.798464584350585938e+01 6.272043609619140625e+01 7.584887695312500000e+01 6.396123504638671875e+01 2.426133155822753906e+01 2.424589538574218750e+01 4.489608383178710938e+01 6.543708801269531250e+01 1.105854110717773438e+02 1.502483062744140625e+02 1.740669860839843750e+02 1.820905609130859375e+02 1.758480529785156250e+02 1.514945373535156250e+02 1.050935440063476562e+02 4.306127929687500000e+01 1.482508182525634766e+01 1.478806591033935547e+01 1.474653720855712891e+01 1.470661067962646484e+01 1.467489624023437500e+01 1.466087818145751953e+01 1.465451812744140625e+01 1.466323089599609375e+01 1.454947090148925781e+01 1.441117668151855469e+01 1.429939651489257812e+01 1.419574642181396484e+01 1.406922817230224609e+01 1.387778282165527344e+01 1.375664997100830078e+01 1.368431186676025391e+01 1.365171813964843750e+01
2.475535011291503906e+01 2.522285079956054688e+01 2.508810997009277344e+01 5.696404266357421875e+01 9.833692932128906250e+01 1.136250610351562500e+02 1.104373245239257812e+02 9.443421936035156250e+01 7.200709533691406250e+01 6.467331695556640625e+01 8.180301666259765625e+01 9.652096557617187500e+01 1.163434295654296875e+02 1.391648101806640625e+02 1.506716613769531250e+02 1.484550781250000000e+02 1.405500488281250000e+02 1.198692779541015625e+02 6.744333648681640625e+01 1.501842880249023438e+01 1.493874549865722656e+01 1.489112186431884766e+01 1.485105609893798828e+01 1.481201648712158203e+01 1.477776050567626953e+01 1.478896903991699219e+01 1.478992366790771484e+01 1.478523921966552734e+01 1.472774887084960938e+01 1.462406635284423828e+01 1.451857948303222656e+01 1.440830612182617188e+01 1.428572177886962891e+01 2.600843238830566406e+01 3.088483238220214844e+01 3.154052352905273438e+01 3.158055496215820312e+01
2.509375953674316406e+01 2.554010963439941406e+01 6.394239044189453125e+01 1.120304489135742188e+02 1.438605651855468750e+02 1.539691009521484375e+02 1.446430664062500000e+02 1.182947769165039062e+02 9.973095703125000000e+01 9.102815246582031250e+01 9.242333221435546875e+01 9.331604766845703125e+01 8.996517944335937500e+01 1.126339035034179688e+02 1.147872695922851562e+02 9.125639343261718750e+01 8.517231750488281250e+01 8.662441253662109375e+01 5.182262039184570312e+01 1.504587459564208984e+01 1.500827121734619141e+01 1.497415256500244141e+01 1.494161796569824219e+01 1.490278530120849609e+01 1.489856052398681641e+01 1.491295051574707031e+01 1.491431045532226562e+01 1.491025829315185547e+01 1.488130855560302734e+01 1.480748367309570312e+01 1.471135711669921875e+01 1.459891796112060547e+01 2.516927146911621094e+01 3.350106048583984375e+01 3.618323898315429688e+01 3.621423721313476562e+01 3.513784790039062500e+01
2.540769958496093750e+01 2.583205032348632812e+01 9.997761535644531250e+01 1.537621154785156250e+02 1.822842254638671875e+02 1.843791961669921875e+02 1.636219787597656250e+02 1.258004608154296875e+02 8.610455322265625000e+01 7.573726654052734375e+01 7.220140075683593750e+01 6.487393951416015625e+01 4.927087020874023438e+01 7.641477966308593750e+01 7.178686523437500000e+01 3.680897140502929688e+01 3.678424453735351562e+01 5.628157424926757812e+01 4.236373901367187500e+01 1.508117008209228516e+01 1.506309986114501953e+01 1.504351902008056641e+01 1.502577972412109375e+01 1.501192283630371094e+01 1.502564144134521484e+01 1.502557849884033203e+01 1.502774143218994141e+01 1.502818584442138672e+01 1.502270603179931641e+01 1.498116397857666016e+01 1.488942527770996094e+01 2.595200157165527344e+01 2.997503089904785156e+01 2.416551208496093750e+01 2.393899536132812500e+01 2.355616378784179688e+01 2.300960350036621094e+01
