Flo_py_wrkspace2/heads.asc
ncols 150
nrows 150
xllcorner 530200
yllcorner 8418325
cellsize 50.0
NODATA_value -999.0
[rows 102 to 118 of 150, columns 0 to 36 of 150]
2.569658088684082031e+01 2.609823989868164062e+01 1.252006759643554688e+02 1.898930206298828125e+02 2.160727844238281250e+02 2.052993316650390625e+02 1.661613464355468750e+02 1.027487640380859375e+02 4.866642379760742188e+01 4.849374771118164062e+01 4.846290969848632812e+01 4.859790802001953125e+01 4.899131011962890625e+01 6.352399826049804688e+01 5.328049468994140625e+01 3.659890747070312500e+01 3.657981491088867188e+01 4.544844055175781250e+01 3.859158325195312500e+01 1.510920333862304688e+01 1.510790824890136719e+01 1.509892368316650391e+01 1.508604621887207031e+01 1.511010932922363281e+01 1.512552928924560547e+01 1.512164878845214844e+01 1.512958240509033203e+01 1.513712787628173828e+01 1.515628433227539062e+01 1.516736793518066406e+01 2.643806266784667969e+01 3.342207336425781250e+01 2.454760169982910156e+01 2.432321739196777344e+01 2.404084205627441406e+01 2.365134620666503906e+01 2.313400650024414062e+01
2.595985031127929688e+01 2.633831977844238281e+01 1.423783416748046875e+02 2.130217132568359375e+02 2.342910308837890625e+02 2.112589416503906250e+02 1.600891571044921875e+02 9.393527984619140625e+01 4.854497909545898438e+01 4.823914337158203125e+01 4.819192504882812500e+01 4.825308227539062500e+01 5.603480911254882812e+01 5.451682281494140625e+01 3.629680252075195312e+01 3.633982086181640625e+01 3.630723190307617188e+01 3.619801712036132812e+01 4.190527343750000000e+01 2.765393066406250000e+01 1.514938926696777344e+01 1.514661121368408203e+01 1.515606498718261719e+01 1.519020557403564453e+01 1.520437240600585938e+01 1.519599819183349609e+01 1.522050762176513672e+01 1.523515033721923828e+01 1.526830577850341797e+01 1.529712677001953125e+01 3.073969650268554688e+01 3.269252395629882812e+01 2.471018981933593750e+01 2.450788497924804688e+01 2.421293640136718750e+01 2.382962799072265625e+01 2.334483528137207031e+01
2.619757080078125000e+01 2.655254936218261719e+01 1.453515930175781250e+02 2.092698822021484375e+02 2.213816528320312500e+02 1.915773010253906250e+02 1.373656158447265625e+02 8.195327758789062500e+01 5.690027236938476562e+01 4.770047378540039062e+01 4.778397750854492188e+01 4.792076873779296875e+01 5.841109848022460938e+01 5.268719482421875000e+01 3.614778137207031250e+01 3.612904357910156250e+01 3.608662796020507812e+01 3.602639389038085938e+01 4.102271270751953125e+01 3.293547821044921875e+01 1.517755126953125000e+01 1.517796134948730469e+01 1.521391296386718750e+01 1.525157165527343750e+01 1.527031993865966797e+01 1.528858375549316406e+01 1.531087303161621094e+01 1.532410812377929688e+01 1.536324691772460938e+01 1.538037014007568359e+01 3.032508659362792969e+01 2.529970550537109375e+01 2.502835655212402344e+01 2.476206207275390625e+01 2.444229507446289062e+01 2.405875015258789062e+01 2.359942436218261719e+01
2.641072082519531250e+01 2.674208068847656250e+01 1.349094543457031250e+02 1.840487213134765625e+02 1.855156097412109375e+02 1.494956207275390625e+02 8.438441467285156250e+01 4.646445465087890625e+01 4.656657409667968750e+01 4.700173187255859375e+01 4.727685546875000000e+01 4.765852355957031250e+01 6.037900924682617188e+01 5.294364166259765625e+01 3.596500778198242188e+01 3.592362594604492188e+01 3.586056900024414062e+01 3.576153564453125000e+01 3.559704208374023438e+01 3.895367813110351562e+01 3.320117950439453125e+01 3.351651763916015625e+01 3.476071929931640625e+01 3.420775222778320312e+01 2.835821533203125000e+01 1.538397121429443359e+01 1.538692951202392578e+01 1.540064620971679688e+01 1.546404170989990234e+01 2.774944114685058594e+01 3.630450057983398438e+01 2.551899528503417969e+01 2.532903289794921875e+01 2.505772972106933594e+01 2.472150611877441406e+01 2.432924079895019531e+01 2.388032341003417969e+01
2.660032081604003906e+01 2.690814971923828125e+01 1.174354553222656250e+02 1.557298736572265625e+02 1.503825073242187500e+02 1.038640670776367188e+02 4.644761657714843750e+01 4.610150146484375000e+01 4.614368438720703125e+01 4.638207626342773438e+01 4.658611679077148438e+01 5.841495895385742188e+01 6.789155578613281250e+01 5.440979766845703125e+01 3.576456832885742188e+01 3.571370315551757812e+01 3.564143371582031250e+01 3.553669357299804688e+01 3.538604736328125000e+01 3.518272018432617188e+01 3.506616210937500000e+01 4.087866210937500000e+01 4.381227493286132812e+01 4.433645248413085938e+01 4.312710571289062500e+01 2.831621360778808594e+01 1.552767658233642578e+01 1.554465866088867188e+01 1.559937191009521484e+01 3.388926315307617188e+01 3.895975494384765625e+01 2.587308883666992188e+01 2.569135093688964844e+01 2.540655899047851562e+01 2.505182647705078125e+01 2.464374351501464844e+01 2.418857192993164062e+01
2.676749038696289062e+01 2.705209922790527344e+01 9.997435760498046875e+01 1.325296325683593750e+02 1.287691802978515625e+02 9.729267883300781250e+01 5.712157821655273438e+01 4.530012130737304688e+01 4.547047424316406250e+01 4.573598480224609375e+01 4.600273132324218750e+01 6.305720901489257812e+01 6.979751586914062500e+01 5.374609375000000000e+01 3.554273986816406250e+01 3.549323654174804688e+01 3.542449951171875000e+01 3.532993698120117188e+01 3.520477676391601562e+01 3.505624008178710938e+01 3.490804290771484375e+01 3.470922851562500000e+01 3.456251144409179688e+01 3.447051239013671875e+01 4.072241210937500000e+01 3.415846633911132812e+01 1.566908645629882812e+01 1.570094203948974609e+01 1.570949745178222656e+01 3.659811401367187500e+01 3.978740310668945312e+01 2.634706306457519531e+01 2.613935661315917969e+01 2.581899070739746094e+01 2.542984390258789062e+01 2.499862861633300781e+01 2.452311897277832031e+01
2.691363906860351562e+01 2.717557907104492188e+01 8.421485900878906250e+01 1.087170562744140625e+02 1.009308624267578125e+02 6.744268035888671875e+01 4.360358428955078125e+01 4.424448776245117188e+01 4.465716552734375000e+01 4.504129791259765625e+01 4.559086227416992188e+01 6.362025070190429688e+01 6.580632781982421875e+01 4.760632705688476562e+01 3.530105972290039062e+01 3.526522827148437500e+01 3.520779800415039062e+01 3.512769317626953125e+01 3.502246475219726562e+01 3.489867019653320312e+01 3.476232528686523438e+01 3.460509872436523438e+01 3.445251083374023438e+01 3.431453323364257812e+01 3.418175125122070312e+01 4.032597732543945312e+01 2.932675552368164062e+01 1.584479618072509766e+01 3.011252593994140625e+01 4.390063476562500000e+01 3.777247619628906250e+01 2.696379852294921875e+01 2.667541122436523438e+01 2.629052352905273438e+01 2.585339164733886719e+01 2.538870429992675781e+01 2.488666915893554688e+01
2.704022979736328125e+01 2.728030967712402344e+01 7.064555358886718750e+01 8.321105194091796875e+01 6.356222152709960938e+01 4.224335098266601562e+01 4.282487487792968750e+01 4.337988281250000000e+01 4.382246398925781250e+01 4.412661361694335938e+01 5.687851715087890625e+01 6.858662414550781250e+01 5.613711547851562500e+01 3.498330307006835938e+01 3.504500198364257812e+01 3.503717422485351562e+01 3.499472045898437500e+01 3.492629241943359375e+01 3.483613967895507812e+01 3.472782135009765625e+01 3.460236740112304688e+01 3.445652389526367188e+01 3.429514694213867188e+01 3.413253021240234375e+01 3.399535369873046875e+01 4.043427658081054688e+01 4.044353485107421875e+01 3.614213562011718750e+01 3.969214630126953125e+01 3.865947341918945312e+01 2.849924087524414062e+01 2.779999542236328125e+01 2.728036499023437500e+01 2.679374122619628906e+01 2.630632209777832031e+01 2.581267166137695312e+01 2.529661560058593750e+01
2.714859008789062500e+01 2.736787033081054688e+01 6.034958648681640625e+01 6.133360671997070312e+01 4.099455642700195312e+01 4.150066757202148438e+01 4.204670715332031250e+01 4.260007476806640625e+01 4.308806228637695312e+01 4.343639373779296875e+01 6.075666427612304688e+01 6.793586730957031250e+01 4.954930877685546875e+01 3.481496047973632812e+01 3.482690429687500000e+01 3.481826019287109375e+01 3.478434753417968750e+01 3.472611618041992188e+01 3.464809417724609375e+01 3.455133438110351562e+01 3.443214797973632812e+01 3.428423309326171875e+01 3.410835647583007812e+01 3.390216064453125000e+01 3.363526535034179688e+01 3.320195388793945312e+01 3.290027236938476562e+01 3.694286727905273438e+01 3.047470664978027344e+01 2.995364570617675781e+01 2.911591339111328125e+01 2.841995429992675781e+01 2.782456588745117188e+01 2.728001594543457031e+01 2.676055526733398438e+01 2.625047111511230469e+01 2.577062416076660156e+01
2.723875045776367188e+01 2.743870925903320312e+01 5.348952865600585938e+01 5.438006591796875000e+01 4.033739852905273438e+01 4.070689010620117188e+01 4.124494552612304688e+01 4.185134124755859375e+01 4.245138931274414062e+01 4.300533294677734375e+01 5.935836791992187500e+01 5.761038208007812500e+01 3.449295043945312500e+01 3.456646728515625000e+01 3.459243011474609375e+01 3.459267807006835938e+01 3.457063293457031250e+01 3.452621459960937500e+01 3.446010971069335938e+01 3.437361526489257812e+01 3.425907897949218750e+01 3.410992431640625000e+01 3.392830657958984375e+01 3.370578002929687500e+01 3.341245651245117188e+01 3.301869201660156250e+01 3.253878402709960938e+01 3.177505111694335938e+01 3.092080879211425781e+01 3.024051094055175781e+01 2.954873657226562500e+01 2.890232849121093750e+01 2.829547500610351562e+01 2.771891593933105469e+01 2.718573760986328125e+01 2.664188575744628906e+01 2.626167297363281250e+01
2.731007003784179688e+01 2.749258995056152344e+01 4.098265457153320312e+01 4.843946838378906250e+01 3.927177047729492188e+01 3.973645782470703125e+01 4.037758255004882812e+01 4.109122085571289062e+01 4.181664657592773438e+01 5.245704269409179688e+01 6.025134658813476562e+01 4.983347320556640625e+01 3.428646469116210938e+01 3.432483291625976562e+01 3.435367202758789062e+01 3.436524963378906250e+01 3.435599517822265625e+01 3.432607269287109375e+01 3.427355575561523438e+01 3.419733810424804688e+01 3.408981323242187500e+01 3.394635391235351562e+01 3.376969146728515625e+01 3.354662322998046875e+01 3.325317382812500000e+01 3.287661743164062500e+01 3.240456771850585938e+01 3.179920196533203125e+01 3.114073181152343750e+01 3.051622772216796875e+01 2.990223312377929688e+01 2.930479431152343750e+01 2.870973014831542969e+01 2.808565711975097656e+01 2.758643913269042969e+01 2.702987289428710938e+01 2.641546249389648438e+01
2.736193084716796875e+01 2.752932929992675781e+01 2.866740417480468750e+01 3.935221481323242188e+01 3.775682830810546875e+01 3.860505294799804688e+01 3.945140457153320312e+01 4.031178665161132812e+01 5.159122848510742188e+01 5.633696365356445312e+01 4.698421478271484375e+01 3.376007080078125000e+01 3.394480895996093750e+01 3.404247283935546875e+01 3.409987258911132812e+01 3.413179397583007812e+01 3.413987731933593750e+01 3.412525939941406250e+01 3.408751678466796875e+01 3.402364349365234375e+01 3.392789840698242188e+01 3.379711532592773438e+01 3.363169097900390625e+01 3.341583251953125000e+01 3.313330841064453125e+01 3.278260040283203125e+01 3.235520553588867188e+01 3.184932899475097656e+01 3.130630874633789062e+01 3.075816726684570312e+01 3.021133804321289062e+01 2.967107009887695312e+01 2.912839317321777344e+01 2.851148605346679688e+01 2.786716842651367188e+01 2.728634834289550781e+01 2.664069747924804688e+01
2.739533042907714844e+01 2.754993057250976562e+01 2.966469955444335938e+01 3.246001434326171875e+01 3.542509841918945312e+01 3.752718353271484375e+01 3.853002929687500000e+01 5.205121994018554688e+01 5.946640777587890625e+01 4.689507675170898438e+01 3.326011657714843750e+01 3.346354293823242188e+01 3.363318634033203125e+01 3.375120544433593750e+01 3.383450698852539062e+01 3.388947296142578125e+01 3.391876220703125000e+01 3.392279434204101562e+01 3.390134048461914062e+01 3.385353469848632812e+01 3.377408599853515625e+01 3.366172790527343750e+01 3.351261138916015625e+01 3.331133270263671875e+01 3.304888916015625000e+01 3.272577285766601562e+01 3.234278106689453125e+01 3.191375732421875000e+01 3.145364570617675781e+01 3.097467041015625000e+01 3.048964500427246094e+01 3.000699996948242188e+01 2.944039535522460938e+01 2.879286575317382812e+01 2.814934349060058594e+01 2.751421165466308594e+01 2.684413528442382812e+01
2.741316986083984375e+01 2.755681991577148438e+01 2.983194732666015625e+01 3.210197067260742188e+01 3.384011840820312500e+01 4.600536346435546875e+01 5.331813049316406250e+01 5.990612030029296875e+01 4.913145828247070312e+01 3.274948120117187500e+01 3.296470260620117188e+01 3.316638565063476562e+01 3.333943176269531250e+01 3.347118377685546875e+01 3.357221603393554688e+01 3.364772033691406250e+01 3.369744491577148438e+01 3.372112274169921875e+01 3.371826934814453125e+01 3.368908309936523438e+01 3.363041687011718750e+01 3.354145050048828125e+01 3.341512298583984375e+01 3.323527908325195312e+01 3.299211502075195312e+01 3.268872070312500000e+01 3.234376144409179688e+01 3.197761154174804688e+01 3.157966995239257812e+01 3.116176605224609375e+01 3.073719596862792969e+01 3.021981811523437500e+01 2.961359786987304688e+01 2.898607063293457031e+01 2.834596061706542969e+01 2.769665908813476562e+01 2.701285362243652344e+01
2.741851043701171875e+01 2.755252075195312500e+01 4.312626647949218750e+01 4.838679504394531250e+01 5.027769088745117188e+01 5.541769790649414062e+01 5.554438781738281250e+01 4.616622161865234375e+01 3.218347549438476562e+01 3.243141555786132812e+01 3.266411590576171875e+01 3.287417984008789062e+01 3.305709075927734375e+01 3.320577621459960938e+01 3.332197189331054688e+01 3.341296386718750000e+01 3.348040771484375000e+01 3.352212524414062500e+01 3.353894042968750000e+01 3.353043746948242188e+01 3.349633026123046875e+01 3.343592453002929688e+01 3.334077835083007812e+01 3.318625259399414062e+01 3.295724868774414062e+01 3.266527175903320312e+01 3.233964157104492188e+01 3.202350616455078125e+01 3.166559791564941406e+01 3.131235313415527344e+01 3.085166740417480469e+01 3.028425788879394531e+01 2.969369888305664062e+01 2.908163070678710938e+01 2.845769691467285156e+01 2.781471061706542969e+01 2.714357376098632812e+01
2.741370964050292969e+01 2.753894042968750000e+01 5.044138717651367188e+01 5.684132385253906250e+01 5.521969223022460938e+01 4.729915237426757812e+01 4.176809310913085938e+01 3.154971313476562500e+01 3.184654617309570312e+01 3.211840057373046875e+01 3.237044525146484375e+01 3.259624481201171875e+01 3.278907775878906250e+01 3.295103836059570312e+01 3.308233642578125000e+01 3.318730163574218750e+01 3.326869583129882812e+01 3.332675933837890625e+01 3.336123657226562500e+01 3.337329483032226562e+01 3.336534881591796875e+01 3.334062957763671875e+01 3.329460144042968750e+01 3.315948486328125000e+01 3.292840194702148438e+01 3.261576461791992188e+01 3.229610824584960938e+01 3.206613159179687500e+01 3.172203254699707031e+01 3.129451179504394531e+01 3.081887626647949219e+01 3.027794265747070312e+01 2.970114135742187500e+01 2.910938835144042969e+01 2.850807762145996094e+01 2.788549613952636719e+01 2.723626708984375000e+01
2.739925003051757812e+01 2.751626968383789062e+01 4.666461563110351562e+01 4.713505554199218750e+01 4.247029113769531250e+01 3.047003936767578125e+01 3.073757743835449219e+01 3.118247604370117188e+01 3.153205680847167969e+01 3.183236503601074219e+01 3.209843063354492188e+01 3.233504104614257812e+01 3.253889083862304688e+01 3.271056365966796875e+01 3.285336303710937500e+01 3.297008132934570312e+01 3.306235885620117188e+01 3.313221740722656250e+01 3.317953491210937500e+01 3.320668411254882812e+01 3.322270965576171875e+01 3.324104690551757812e+01 3.318700408935546875e+01 3.303919601440429688e+01 3.283375549316406250e+01 3.257205200195312500e+01 3.228000640869140625e+01 3.198438262939453125e+01 3.162627410888671875e+01 3.122029495239257812e+01 3.075402259826660156e+01 3.022838592529296875e+01 2.966747283935546875e+01 2.909189796447753906e+01 2.851315307617187500e+01 2.791839790344238281e+01 2.729813957214355469e+01
