Data/Raw/GIS/Recharge/Old/recharge_v1.asc
ncols         75
nrows         75
xllcorner     530200
yllcorner     8418325
cellsize      100.00000000009
NODATA_value  -9999
[rows 0 to 41 of 75, columns 0 to 74 of 75]
0 0 0 0 0 0 0 0 0 0 0 0 0 0 0 0 0 0 0 0 0 0 0 0 0 0 0 0 0 0 0 0 0 0 0 0 0 0 0 0 0 0 0 0 0 0 0 0 0 0 0 0 0 0 0 0 0 0 0 0 0 0 0 0 0 0 0 0 0 0 0 0 0 0 0
0 0 0 0 0 0 0 0 0 0 0 0 0 0 0 0 0 0 0 0 0 0 0 0 0 0 0 0 0 0 0 0 0 0 0 0 0 0 0 0 0 0 0 0 0 0 0 0 0 0 0 40.87 0 0 0 0 0 0 0 0 0 0 0 0 0 0 0 0 0 0 0 0 0 0 0
0 0 0 0 0 0 0 0 0 0 0 0 0 0 0 0 0 0 0 0 0 0 0 0 0 0 0 0 0 0 0 0 0 0 0 0 0 0 0 0 0 0 0 0 0 0 0 0 0 46.17 45.93 46.8 0 0 0 0 0 0 0 0 0 0 0 0 0 0 0 0 0 0 0 0 0 0 0
0 0 0 0 0 0 0 0 0 0 0 0 0 0 0 0 0 0 0 0 0 0 0 0 0 0 0 0 0 0 0 0 0 0 0 0 0 0 0 0 0 0 0 0 0 0 0 0 49.1 48.08 49.24 51.19 0 0 0 0 0 0 0 0 0 0 0 0 0 0 0 0 0 0 0 0 0 0 0
0 0 0 0 0 0 0 0 0 0 0 0 0 0 0 0 0 0 0 0 0 0 0 0 0 0 0 0 0 0 0 0 0 0 0 0 0 0 0 0 0 0 0 0 0 0 93.69 51.16 49.78 51.36 51.09 53.1 0 0 0 0 0 0 0 0 0 0 0 0 0 0 0 0 0 0 0 0 0 0 0
0 0 0 0 0 0 0 0 0 0 0 0 0 0 0 0 0 0 0 0 0 0 0 0 0 0 0 0 0 0 0 0 0 0 0 0 0 0 0 0 0 0 0 0 0 96.97 93.1 54.04 53.82 55.85 55.57 0 0 0 0 0 0 0 0 0 0 0 0 0 0 0 0 0 0 0 0 0 0 0 0
0 0 0 0 0 0 0 0 0 0 0 0 0 0 0 0 0 0 0 0 0 0 0 0 0 0 0 0 0 0 0 0 0 0 0 0 0 0 0 0 0 0 0 0 57.74 56.05 57.45 56.16 55.93 62 53.69 0 0 0 0 0 0 0 0 0 0 0 0 0 0 0 0 0 0 0 0 0 0 0 0
0 0 0 0 0 0 0 0 0 0 0 0 0 0 0 0 0 0 0 0 0 0 0 0 0 0 0 0 0 0 0 0 0 0 0 0 0 0 0 0 61.39 0 0 57.77 100.28 59.34 59.19 61.88 64.29 79.96 0 0 0 0 0 0 0 0 0 0 0 0 0 0 0 0 0 0 0 0 0 0 0 0 0
0 0 0 0 0 0 0 0 0 0 0 0 0 0 0 0 0 0 0 0 0 0 0 0 0 0 0 0 0 0 0 0 0 0 0 0 0 0 0 0 63.87 63.99 62.44 60.18 61.77 58.98 61.63 67.05 88.89 0 0 0 0 0 0 0 0 0 0 0 0 0 0 0 0 0 0 0 0 0 0 0 0 0 0
0 0 0 0 0 0 0 0 0 0 0 0 0 0 0 0 0 0 0 0 0 0 0 0 0 0 0 0 0 0 0 0 0 0 0 0 0 0 0 0 65.67 65.8 62.52 63.81 65.51 68.84 71.94 86.14 0 0 0 0 0 0 0 0 0 0 0 0 0 0 97.41 0 0 0 0 0 0 0 0 0 0 0 0
0 0 0 0 0 0 0 0 0 0 0 0 0 0 0 0 0 0 0 0 0 0 0 0 0 0 0 0 0 0 0 0 0 0 67.71 68.21 68.79 0 0 70.94 68.31 68.43 65.03 68.17 68.05 71.53 65.72 27.47 0 0 0 0 0 0 0 0 65.3 64.58 0 0 61.49 101.78 58.08 0 0 0 0 0 0 0 0 0 0 0 0
0 0 0 0 0 0 0 0 0 0 0 0 0 0 0 0 0 0 0 0 0 0 0 0 0 0 0 0 0 0 0 0 52.56 70.35 69.8 70.31 71.1 121.94 70.62 122.04 68.06 68.16 70.79 75.4 75.27 67.95 70.01 0 0 0 0 0 0 0 0 114.88 113.76 66.22 65.43 108.04 105.94 60.71 59.84 0 0 0 0 0 0 0 0 0 0 0 0
0 0 0 0 0 0 0 0 0 0 0 0 0 0 0 0 0 0 0 0 0 0 0 0 0 0 0 0 0 0 0 0 72.33 73.04 72.48 72.99 73.77 74.16 73.28 73.5 70.62 121.02 73.39 78.16 71.11 72.6 51.13 0 0 0 0 0 0 0 74.06 71.32 70.57 68.56 67.74 65.07 109.56 62.82 61.92 56.99 0 0 0 0 0 0 98.1 54.14 0 0 0
0 0 0 0 0 0 0 0 0 0 0 0 0 0 0 0 0 0 0 0 0 0 0 0 0 0 0 0 0 0 0 0 0 77.51 76.09 76.62 75.54 75.91 74.59 67.92 70.1 77.42 80.58 83.06 80.52 102.16 57.99 0 0 0 0 0 0 77.75 124.5 73.85 73.07 69.95 69.1 66.92 66.02 67.3 66.36 68.22 0 0 0 0 0 0 59.15 50.11 0 0 0
0 0 0 0 0 0 0 0 0 0 0 0 0 0 0 0 0 0 0 0 0 0 0 0 0 0 0 0 126.09 0 0 0 0 0 78.72 79.28 78.16 133.12 128.58 79.39 79.67 79.75 106.02 109.21 153.76 248.37 150.41 52.07 54.59 51.78 99.56 97.74 105.86 80.87 79.49 76.21 75.4 72.2 71.31 69.06 68.12 69.44 68.42 70.36 0 0 0 65.06 64.88 102.71 103.79 0 0 0 0
0 0 0 0 0 0 0 0 0 0 0 0 0 0 0 0 0 0 0 0 0 0 0 0 0 0 0 0 77.32 78.4 0 0 0 0 82.22 82.73 80.18 80.5 136.37 82.78 84.7 84.74 138.86 88.13 76.39 78.23 84.96 83.13 86.83 80.56 78.17 97.29 77.84 80.82 83.16 79.87 79.01 73.93 73.01 71.93 70.97 73.49 72.47 73.25 0 0 0 66.28 66.07 62.84 54.85 0 0 0 0
0 0 0 0 0 0 0 0 0 0 0 0 0 0 0 0 0 0 0 0 0 0 0 0 0 0 0 79.16 79.86 80.97 137.56 0 0 0 84.77 85.26 82.58 85.1 85.04 85.18 87.1 142 88.21 90.52 78.93 91 198.72 81.69 82.05 80.08 90.09 111.15 100.91 109.09 85.5 82.12 81.26 76.04 75.08 73.99 72.98 75.57 74.47 122.55 121.85 65.08 71.82 115.67 65.08 64.03 0 0 0 0 0
0 0 0 0 0 0 0 0 0 0 0 0 0 0 0 0 0 0 0 0 0 0 0 75.36 77.5 78.86 79.8 135.38 81.61 82.66 85.04 85.93 87.53 0 143.37 87.19 142.68 86.01 88.56 88.65 88.97 88.97 89.89 92.42 92.53 147.65 83.8 91.53 200.94 91.78 91.27 91.27 133.11 112.67 89.06 86.27 85.36 79 78 75.47 74.46 125.98 75.75 77.56 77.17 68.51 74.37 69.62 66.53 69.98 69.26 0 0 0 0
0 0 0 0 0 0 0 0 0 0 0 0 0 0 0 0 0 0 0 0 72.76 126.05 76.09 77.63 79.79 81.21 137.55 83.49 83.98 85.05 87.42 88.27 89.86 90.48 146.6 89.33 87.79 88.05 90.57 90.66 147.55 90.92 91.85 94.45 94.23 94.22 82.76 93.54 148.43 93.85 82.52 83.62 92.75 87.6 109.61 84.9 138.02 131.06 129.57 77.29 76.25 78.67 77.58 79.48 70.32 70.56 123.7 120.05 71.44 72.01 0 0 0 0 0
0 0 0 0 0 0 0 0 0 0 0 0 0 0 0 0 0 0 0 0 74.45 76.07 76.85 78.37 136.1 82.46 84.01 85.3 86.01 86.69 88.05 88.86 89.75 90.3 149.43 149.85 90.36 90.55 92.49 92.54 91.89 91.82 93.37 95.3 152.06 94.29 94.3 151.04 94.24 95.64 95.16 150.54 94.79 89.53 81.57 132.69 141.85 82.87 81.91 78.74 77.71 80.33 79.23 81.18 80.11 76.6 129.61 75.99 72.99 75.79 0 0 0 0 0
0 0 0 0 0 0 0 0 0 0 0 0 0 0 0 0 0 0 0 0 76.49 78.13 78.94 80.49 83.21 84.63 86.16 146.07 88.14 88.78 90.04 90.81 151.13 92.13 91.85 92.08 91.95 149.78 93.96 93.98 150.89 93.15 94.7 96.68 96.51 95.71 95.41 96.1 95.71 97.18 153.26 153.34 147.77 95.41 90.34 91.27 144.56 84.43 83.47 80.32 79.28 81.98 80.87 82.91 84.93 81.41 80.61 75.55 74.94 77.88 0 0 0 0 126.57
0 0 0 0 0 0 0 0 0 0 0 0 0 0 0 0 0 0 0 79.01 77.97 79.62 80.2 81.79 84.27 143.37 87.52 88.77 89.88 90.43 91.27 91.92 153 92.84 92.7 92.87 153.7 93.08 94.52 94.48 93.95 93.82 95.73 96.44 153.89 95.46 95.23 153.21 95.82 97.01 96.55 96.9 92.66 94.9 94.14 144.9 89.35 84.77 83.83 82.72 81.72 82.76 84.77 84.08 83.13 80.33 79.63 79.41 78.85 81.78 0 0 0 0 115.08
0 0 0 0 0 0 0 0 0 0 0 0 0 0 0 0 0 0 60.49 80.89 79.83 81.5 82.08 83.67 86.16 87.57 148 90.65 91.67 92.51 92.89 93.43 93.84 94.1 93.84 93.9 155.11 155.06 95.39 95.29 94.74 94.57 96.46 154.99 97.02 96.23 96.01 154.43 96.45 97.98 97.54 97.92 97.34 95.98 95.28 91.37 90.52 85.93 139.39 83.93 82.96 87.11 86.09 85.47 84.62 81.89 78.85 81.21 80.7 84.4 90.43 0 0 45.98 71.22
0 0 0 0 0 0 0 0 0 0 0 0 0 0 0 0 0 0 62.44 82.24 137.23 82.61 83.49 85.03 87.27 88.69 91.01 92.17 154.27 94.36 94.09 94.5 155.88 156.02 94.21 94.25 94.35 155.54 95.24 95.09 94.61 94.4 95.65 95.31 95.14 94.99 94.86 95.64 153.11 95.72 152.91 95.62 95.1 150.05 93.07 89.85 92.34 89.36 88.47 88.02 86.92 86.49 85.52 136.85 83.19 136.7 81.72 86.21 85.75 99.05 79.29 31.36 53.4 74.06 72.01
0 0 0 0 0 0 0 0 0 0 0 0 0 0 0 0 0 62.44 136.81 83.95 82.62 84.27 85.12 86.66 88.91 90.3 92.58 154.29 95 95.68 95.29 95.56 95.39 95.42 156.47 95.04 95.14 95.02 93.55 95.75 95.19 94.9 95.95 95.52 95.29 95.12 95.02 95.89 153.34 96.1 153.29 99.45 98.98 154.34 97.02 93.78 93.08 90.15 144.13 88.92 87.85 87.46 86.56 84.98 81.79 83.46 83.07 87.69 87.98 113.42 102.57 131.76 104.31 76.44 123.69
0 0 0 0 0 0 0 0 0 0 0 62.1 74.41 0 0 0 0 64.26 81.91 83.63 82.95 84.58 86.16 87.7 89.65 90.95 93.4 155.5 95.47 96.05 95.61 95.42 95.1 95.13 156.85 94.72 93.85 155.58 150.54 93.72 93.55 93.18 93.34 93.28 150.63 93.08 92.97 150.79 93.13 93.3 96.63 96.81 96.4 152.25 94.44 91.54 90.91 89.8 144.88 89.37 88.36 87.28 194.39 86.82 83.69 87.3 86.96 90.43 90.78 91.64 95.75 105.21 104.75 90.88 143.69
0 0 0 0 0 0 0 0 67.12 68.77 71.29 123.13 76.05 0 0 0 73.31 84.81 83.42 142.61 142.03 85.95 87.53 209.42 90.91 92.11 94.44 95.29 96.28 96.76 96.23 96.01 95.72 95.79 157.78 95.35 94.36 94.08 91.91 91.56 93.71 93.26 93.29 93.16 92.77 92.8 92.67 92.93 92.87 93.09 153.97 96.77 96.44 95.07 151.13 91.76 91.2 146.37 89.5 92.59 91.8 87.95 87.16 85.02 84.56 88.27 88.03 91.6 91.35 91.63 132.78 96.92 97.45 77.5 90.84
0 0 0 0 0 0 0 0 68.76 70.43 72.24 124.73 76.35 78.04 79.36 81.09 79.53 81.21 80.69 140.33 83.56 85.1 87.3 88.7 90.55 91.59 93.19 93.91 94.14 94.49 94.28 94.06 93.76 93.88 93.07 92.94 91.45 147.61 92.64 97.52 99.74 99.22 99.23 98.45 98 97.43 94.36 93.41 147.41 92.44 95.89 94.52 94.28 92.53 92.13 92.81 95.08 97.16 96.51 96.97 96.26 94.07 93.32 93.09 87.43 88.62 88.45 90.92 146.49 91.07 146.91 91.62 105.79 159.65 147.48
0 0 0 0 0 0 0 0 0 72.05 73.79 75.46 77.87 79.54 78.07 82.53 80.92 139.66 81.95 83.48 84.79 86.22 88.33 150.47 91.34 92.26 93.74 94.35 94.46 157.05 94.38 94.52 93.89 156.29 93.13 92.93 91.43 96.33 97.74 97.2 99.32 98.72 98.66 97.86 97.33 96.72 96.45 95.47 95.46 94.58 98.1 93.97 93.84 92.16 94.66 95.38 94.96 97.13 96.58 97.15 96.53 94.63 93.8 93.64 87.96 89.21 89.1 91.64 91.55 91.99 91.91 92.05 150.95 118.69 150.55
0 0 0 0 0 0 0 0 124.44 73.48 73.97 75.59 74.98 76.57 75.64 77.19 77.75 79.3 82.45 83.99 141.23 87.94 90.03 91.19 92.83 93.7 93.91 94.33 94.27 94.36 94.15 99.61 99.11 93.83 151.12 99.58 101.74 101.22 104.21 103.56 104.66 103.95 103.06 101.6 101.03 100.11 99.77 98.5 98.49 96.69 100.36 97.6 97.52 97.59 97.33 101.14 100.79 102.73 102.27 101.54 101.02 99.49 98.74 97.11 96.74 94.59 89.23 88.89 88.91 147.55 90.89 92.56 94.46 102.73 95.44
0 0 0 0 0 0 0 76 76.7 78.34 75.37 77 76.34 77.88 76.89 130.13 83.7 85.24 88.45 89.93 92.55 93.86 95.88 96.97 98.58 99.33 99.47 99.87 99.62 99.61 99.28 99.32 99.13 98.71 99.28 99.02 101.13 100.55 103.44 102.66 103.67 102.91 90.74 100.51 99.9 98.94 98.55 97.24 97.26 99.14 99.25 96.61 96.65 96.74 96.64 100.55 100.3 102.32 102.01 101.41 100.99 99.6 98.94 97.42 97.07 94.94 94.86 94.57 89.39 91.46 91.53 93.27 80.15 105.33 95.63
0 0 0 0 0 73.75 74.81 76.44 76.39 78 76.21 74.42 73.31 74.74 78.72 84.96 90.27 91.85 94.71 96.17 97.75 99.03 100.73 101.75 102.75 103.42 103.37 103.63 102.89 102.73 102.56 102.47 102.83 102.25 102.93 102.58 104.38 103.68 105.25 104.38 103.45 102.63 120.88 95.36 108.95 106.07 99.65 97.23 97.28 99.24 99.42 98.1 98.21 99.11 99.1 101.56 101.46 103.06 102.89 103.77 104.11 87.75 89.94 101.16 100.21 98 97.95 94.72 94.86 89.56 89.69 151.07 94.11 105.69 80.62
0 0 0 0 122.44 75.33 76.3 129.52 77.82 79.36 77.52 79.07 74.51 80.57 84.6 86.12 91.42 92.94 95.75 97.14 98.64 99.81 101.45 102.37 103.22 103.8 103.63 103.77 102.89 102.63 102.32 102.09 102.26 101.56 102.1 101.63 103.27 103.14 104.64 92.1 96.02 97.7 58.42 56.2 59.19 59.83 115.17 102.27 97.68 97.7 97.91 96.65 96.83 97.81 97.92 100.47 85.92 89.34 92.6 95.79 94.3 87.11 116.03 113.43 111.26 121.65 86.09 94.88 95 95.05 89.88 94.34 151.6 118.31 81.05
0 0 0 52.97 74.68 76.29 76.36 77.9 76.44 77.93 76.31 77.77 83.84 85.31 92.03 93.61 97.28 91.81 99.56 100.92 102.09 93.6 97.9 95.84 105.67 106.08 105.59 105.6 104.89 104.46 104.1 103.68 103.87 103.39 102.95 102.96 105.71 97.83 92.36 112.12 115.91 0 0 0 0 0 0 27.47 49.84 86.72 98.85 96.7 96.95 97.9 87.13 103.07 107.88 132.59 110.77 116.77 117.24 116.48 111.77 89.48 100.73 99.84 85.49 93.71 96.03 93.58 79.91 91.57 91.72 94.73 94.8
0 0 0 125.09 76.17 77.75 129.28 79.27 130.63 79.21 77.52 83.53 88.4 86.49 95.23 97.42 96.02 95.04 101.87 99.37 100.94 107.18 108.93 100.71 107.62 107.99 108 107.92 106.37 104.44 123.24 95.98 104.56 103.9 96.24 100.27 113.82 39.77 55.6 0 0 0 0 0 0 0 0 0 0 0 50.49 122.5 119.74 90.03 101.9 0 61.13 116.77 38.17 37.85 114.07 81.96 87.15 85.18 100.51 99.06 202.28 95.91 96.04 85.07 79.89 79.97 91.75 94.81 94.93
0 0 0 77.28 77.73 79.29 78.57 80.03 77.41 128.79 80.29 86.37 93.97 85.01 113.72 109.13 111.44 35.96 125.22 115.28 117.25 123.74 124.09 120.24 117.48 56.6 119.19 117.61 119.02 122.39 115.22 120.47 114.59 54.26 51.22 52.2 51.17 53.46 0 0 0 0 0 0 0 0 0 0 0 0 0 0 0 0 0 0 0 58.79 86.95 82.62 80.23 88.92 100.08 99.46 99.45 97.48 97.62 94.18 94.35 84.98 79.83 79.94 89.7 92.94 93.1
0 75.41 77.25 78.83 79.24 132.74 79.97 81.39 78.72 80.14 86.29 87.72 95.38 97.48 93 93.75 110.14 116.29 114.44 113.19 112.49 113.65 0 0 0 0 0 0 0 52.21 54.5 56.12 55.06 52.69 27.49 28.35 27.92 0 0 0 0 0 0 0 0 0 0 0 0 0 0 0 0 0 0 0 0 0 105.06 35.51 108.57 102.89 99.22 98.74 99.06 97.02 97.27 93.89 84.56 84.79 79.68 79.82 89.65 92.89 150.47
75.44 77.08 78.41 79.98 80.49 81.96 80.6 135.96 79.5 80.93 141.34 91.53 99.62 101.69 95.45 108.96 109.74 52.99 113.86 91.71 90.34 114.3 0 0 0 0 0 0 0 0 0 0 0 0 0 0 0 0 0 0 0 0 0 0 0 0 0 0 0 0 0 0 0 0 0 0 0 0 0 56.18 156.72 96.46 96.23 95.25 95.68 93.25 93.59 141.52 131.52 141.1 79.33 79.51 136.24 79.85 79.96
77.09 78.73 80.02 81.58 82.06 136.83 82.16 83.62 81.06 82.53 91.81 93.27 101.44 104.82 113.38 122.6 112.24 119.63 56.56 48.82 91.79 52.95 0 0 0 0 0 0 0 0 0 0 0 0 0 0 0 0 0 0 0 0 0 0 0 0 0 0 0 0 0 0 0 0 0 0 0 0 0 153.61 98.29 94.51 95.09 94.2 94.75 80.99 129.54 83.04 87.03 87.37 87.69 78.96 79.17 79.34 79.44
77.95 79.56 81.17 82.71 82.58 84.07 136.56 139.58 82.99 84.46 96.82 98.29 104.99 107.71 116.74 64.06 120.15 56.1 124.76 125.94 56.43 56 53.51 127.5 54.43 0 0 0 0 0 0 0 0 0 0 0 0 0 0 0 0 0 0 0 0 0 0 0 0 0 0 0 0 0 0 0 0 0 0 120.07 92.66 91.58 92.24 90.69 91.29 87.62 91.58 85.71 86.12 86.51 86.87 87.09 87.32 87.5 99.36
79.72 81.28 135.8 84.43 138.4 85.86 83.53 85.07 84.82 91.23 98.73 100.23 106.97 97.23 117.47 121.51 124.15 177.42 182.97 110.26 110.52 129.86 119.09 119.76 119.27 118.01 117.98 0 0 0 0 0 0 0 0 0 0 0 0 0 0 0 0 0 0 0 0 0 0 0 0 0 0 0 0 0 0 0 0 119.05 90.39 76.22 76.95 89.38 90.07 86.48 90.71 90.08 90.55 93.23 85.78 86.05 86.27 86.45 86.54
80.95 82.55 136.73 84.57 83.02 196.97 83.58 85.1 95.49 97.05 104.28 105.73 109.8 113.72 117.57 55.33 157.65 102.31 101.84 110.86 110.25 110.33 103.93 127.1 97.17 102.5 102.88 103.07 117.13 52.12 0 0 0 0 0 0 0 0 0 0 0 0 0 0 0 0 0 0 0 0 0 0 0 0 0 0 0 0 53.84 84.3 79.59 75.78 89.19 86.45 87.18 83.78 88.02 91.15 91.68 95.4 95.8 99.19 84.99 85.14 85.19
