Flo_py_wrkspace/heads3.asc
ncols 75
nrows 75
xllcorner 530200
yllcorner 8418325
cellsize 100.0
NODATA_value -999.0
[rows 17 to 33 of 75, columns 0 to 36 of 75]
9.999999776482582092e-03 9.999999776482582092e-03 9.999999776482582092e-03 9.999999776482582092e-03 9.999999776482582092e-03 9.999999776482582092e-03 9.999999776482582092e-03 9.999999776482582092e-03 9.999999776482582092e-03 9.999999776482582092e-03 9.999999776482582092e-03 9.999999776482582092e-03 9.999999776482582092e-03 9.999999776482582092e-03 9.999999776482582092e-03 9.999999776482582092e-03 9.999999776482582092e-03 9.999999776482582092e-03 9.999999776482582092e-03 5.248143151402473450e-02 2.660375237464904785e-01 5.284416079521179199e-01 7.797417044639587402e-01 1.138356924057006836e+00 1.883866548538208008e+00 2.397402048110961914e+00 2.810012102127075195e+00 3.145871877670288086e+00 3.225435256958007812e+00 3.060956716537475586e+00 2.595528125762939453e+00 1.814849138259887695e+00 1.702964305877685547e+00 2.131770372390747070e+00 3.696554660797119141e+00 4.873138427734375000e+00 5.689641952514648438e+00
9.999999776482582092e-03 9.999999776482582092e-03 9.999999776482582092e-03 9.999999776482582092e-03 9.999999776482582092e-03 9.999999776482582092e-03 9.999999776482582092e-03 9.999999776482582092e-03 9.999999776482582092e-03 9.999999776482582092e-03 9.999999776482582092e-03 9.999999776482582092e-03 9.999999776482582092e-03 9.999999776482582092e-03 9.999999776482582092e-03 9.999999776482582092e-03 9.999999776482582092e-03 9.999999776482582092e-03 9.999999776482582092e-03 9.999999776482582092e-03 6.284883022308349609e-01 1.415537476539611816e+00 1.973023772239685059e+00 2.530284643173217773e+00 3.131749868392944336e+00 3.625594854354858398e+00 4.037835121154785156e+00 4.268905639648437500e+00 4.373342990875244141e+00 4.331971645355224609e+00 4.193845748901367188e+00 4.014820098876953125e+00 4.092753887176513672e+00 4.529613971710205078e+00 5.291828632354736328e+00 5.966075897216796875e+00 6.513704776763916016e+00
9.999999776482582092e-03 9.999999776482582092e-03 9.999999776482582092e-03 9.999999776482582092e-03 9.999999776482582092e-03 9.999999776482582092e-03 9.999999776482582092e-03 9.999999776482582092e-03 9.999999776482582092e-03 9.999999776482582092e-03 9.999999776482582092e-03 9.999999776482582092e-03 9.999999776482582092e-03 9.999999776482582092e-03 9.999999776482582092e-03 9.999999776482582092e-03 9.999999776482582092e-03 9.999999776482582092e-03 9.999999776482582092e-03 9.999999776482582092e-03 1.031683444976806641e+00 2.141409873962402344e+00 2.908103466033935547e+00 3.580318689346313477e+00 4.174530029296875000e+00 4.620276451110839844e+00 5.017989158630371094e+00 5.267176628112792969e+00 5.388345718383789062e+00 5.445184707641601562e+00 5.462053775787353516e+00 5.522261142730712891e+00 5.684894561767578125e+00 5.998154640197753906e+00 6.475254058837890625e+00 6.897128105163574219e+00 7.238904476165771484e+00
9.999999776482582092e-03 9.999999776482582092e-03 9.999999776482582092e-03 9.999999776482582092e-03 9.999999776482582092e-03 9.999999776482582092e-03 9.999999776482582092e-03 9.999999776482582092e-03 9.999999776482582092e-03 9.999999776482582092e-03 9.999999776482582092e-03 9.999999776482582092e-03 9.999999776482582092e-03 9.999999776482582092e-03 9.999999776482582092e-03 9.999999776482582092e-03 9.999999776482582092e-03 9.999999776482582092e-03 9.999999776482582092e-03 6.862499117851257324e-01 1.967192411422729492e+00 2.948339939117431641e+00 3.721555948257446289e+00 4.393845558166503906e+00 4.969666957855224609e+00 5.449407577514648438e+00 5.823691368103027344e+00 6.092978477478027344e+00 6.228495121002197266e+00 6.344165802001953125e+00 6.435126781463623047e+00 6.595942974090576172e+00 6.778996944427490234e+00 6.968157768249511719e+00 7.255115032196044922e+00 7.546011447906494141e+00 7.790991783142089844e+00
9.999999776482582092e-03 9.999999776482582092e-03 9.999999776482582092e-03 9.999999776482582092e-03 9.999999776482582092e-03 9.999999776482582092e-03 9.999999776482582092e-03 9.999999776482582092e-03 9.999999776482582092e-03 9.999999776482582092e-03 9.999999776482582092e-03 9.999999776482582092e-03 9.999999776482582092e-03 9.999999776482582092e-03 9.999999776482582092e-03 9.999999776482582092e-03 9.999999776482582092e-03 9.999999776482582092e-03 5.296792984008789062e-01 1.744182705879211426e+00 2.805287599563598633e+00 3.673294544219970703e+00 4.419008255004882812e+00 5.055467128753662109e+00 5.618752956390380859e+00 6.092666149139404297e+00 6.436020851135253906e+00 6.692671775817871094e+00 6.867638111114501953e+00 7.010552406311035156e+00 7.136728286743164062e+00 7.306949615478515625e+00 7.473090648651123047e+00 7.611246109008789062e+00 7.789901256561279297e+00 7.996778011322021484e+00 8.142202377319335938e+00
9.999999776482582092e-03 9.999999776482582092e-03 9.999999776482582092e-03 9.999999776482582092e-03 9.999999776482582092e-03 9.999999776482582092e-03 9.999999776482582092e-03 9.999999776482582092e-03 9.999999776482582092e-03 9.999999776482582092e-03 9.999999776482582092e-03 9.999999776482582092e-03 9.999999776482582092e-03 9.999999776482582092e-03 9.999999776482582092e-03 9.999999776482582092e-03 9.999999776482582092e-03 9.999999776482582092e-03 1.071821451187133789e+00 2.484389066696166992e+00 3.502980709075927734e+00 4.290141582489013672e+00 4.980209350585937500e+00 5.571807384490966797e+00 6.077800750732421875e+00 6.520230293273925781e+00 6.885623931884765625e+00 7.137129783630371094e+00 7.326594829559326172e+00 7.455537319183349609e+00 7.591038703918457031e+00 7.738816738128662109e+00 7.887070655822753906e+00 7.990015029907226562e+00 8.078803062438964844e+00 8.190050125122070312e+00 8.282927513122558594e+00
9.999999776482582092e-03 9.999999776482582092e-03 9.999999776482582092e-03 9.999999776482582092e-03 9.999999776482582092e-03 9.999999776482582092e-03 9.999999776482582092e-03 9.999999776482582092e-03 9.999999776482582092e-03 9.999999776482582092e-03 9.999999776482582092e-03 9.999999776482582092e-03 9.999999776482582092e-03 9.999999776482582092e-03 9.999999776482582092e-03 9.999999776482582092e-03 9.999999776482582092e-03 9.999999776482582092e-03 1.830668210983276367e+00 3.147106885910034180e+00 4.086809158325195312e+00 4.791503906250000000e+00 5.414227485656738281e+00 5.945231437683105469e+00 6.396732330322265625e+00 6.785920143127441406e+00 7.121900081634521484e+00 7.399685859680175781e+00 7.574666500091552734e+00 7.685660839080810547e+00 7.806999683380126953e+00 7.938096046447753906e+00 8.066910743713378906e+00 8.134058952331542969e+00 8.154979705810546875e+00 8.160295486450195312e+00 8.171130180358886719e+00
9.999999776482582092e-03 9.999999776482582092e-03 9.999999776482582092e-03 9.999999776482582092e-03 9.999999776482582092e-03 9.999999776482582092e-03 9.999999776482582092e-03 9.999999776482582092e-03 9.999999776482582092e-03 9.999999776482582092e-03 9.999999776482582092e-03 9.999999776482582092e-03 9.469521790742874146e-02 9.999999776482582092e-03 9.999999776482582092e-03 9.999999776482582092e-03 9.999999776482582092e-03 9.549438357353210449e-01 2.585666656494140625e+00 3.701037406921386719e+00 4.534604072570800781e+00 5.171631813049316406e+00 5.713619709014892578e+00 6.172939300537109375e+00 6.564085960388183594e+00 6.896363735198974609e+00 7.208196640014648438e+00 7.453910350799560547e+00 7.581072807312011719e+00 7.701307773590087891e+00 7.800288200378417969e+00 7.886682033538818359e+00 7.956128120422363281e+00 8.027662277221679688e+00 8.024828910827636719e+00 7.945997714996337891e+00 7.890150547027587891e+00
9.999999776482582092e-03 9.999999776482582092e-03 9.999999776482582092e-03 9.999999776482582092e-03 9.999999776482582092e-03 9.999999776482582092e-03 9.999999776482582092e-03 9.999999776482582092e-03 1.731465756893157959e-01 3.855264782905578613e-01 4.333886802196502686e-01 9.999999776482582092e-03 4.225503802299499512e-01 9.999999776482582092e-03 9.999999776482582092e-03 9.999999776482582092e-03 9.999999776482582092e-03 1.620404243469238281e+00 3.238888502120971680e+00 4.235127925872802734e+00 4.924546241760253906e+00 5.435896396636962891e+00 5.895390033721923828e+00 6.280136585235595703e+00 6.564527511596679688e+00 6.834806442260742188e+00 7.085361003875732422e+00 7.290510177612304688e+00 7.410968780517578125e+00 7.515102386474609375e+00 7.596711635589599609e+00 7.656545162200927734e+00 7.690032482147216797e+00 7.724943637847900391e+00 7.678704261779785156e+00 7.546821117401123047e+00 7.440620422363281250e+00
9.999999776482582092e-03 9.999999776482582092e-03 9.999999776482582092e-03 9.999999776482582092e-03 9.999999776482582092e-03 9.999999776482582092e-03 9.999999776482582092e-03 9.999999776482582092e-03 5.037502050399780273e-01 1.152300357818603516e+00 1.532894492149353027e+00 1.696103215217590332e+00 1.708037614822387695e+00 1.310299396514892578e+00 1.292137980461120605e+00 1.388216733932495117e+00 1.792411088943481445e+00 3.075679540634155273e+00 4.018772125244140625e+00 4.732088565826416016e+00 5.199184894561767578e+00 5.548615455627441406e+00 5.896734714508056641e+00 6.198071956634521484e+00 6.383598804473876953e+00 6.592203617095947266e+00 6.772490978240966797e+00 6.932005405426025391e+00 7.056354999542236328e+00 7.151174068450927734e+00 7.212225437164306641e+00 7.248267650604248047e+00 7.251098632812500000e+00 7.230792522430419922e+00 7.139095783233642578e+00 6.971899032592773438e+00 6.805510044097900391e+00
9.999999776482582092e-03 9.999999776482582092e-03 9.999999776482582092e-03 9.999999776482582092e-03 9.999999776482582092e-03 9.999999776482582092e-03 9.999999776482582092e-03 9.999999776482582092e-03 7.945906519889831543e-01 1.884219050407409668e+00 2.555994749069213867e+00 2.976604938507080078e+00 3.160451173782348633e+00 3.179733514785766602e+00 3.254796028137207031e+00 3.417634248733520508e+00 3.721386432647705078e+00 4.226782798767089844e+00 4.670816421508789062e+00 5.051709175109863281e+00 5.294198513031005859e+00 5.490487098693847656e+00 5.680322647094726562e+00 5.871052742004394531e+00 6.015463829040527344e+00 6.166296005249023438e+00 6.301210403442382812e+00 6.423097610473632812e+00 6.544681072235107422e+00 6.634233951568603516e+00 6.667304992675781250e+00 6.681414127349853516e+00 6.667426586151123047e+00 6.592615604400634766e+00 6.438891887664794922e+00 6.249290466308593750e+00 6.050792217254638672e+00
9.999999776482582092e-03 9.999999776482582092e-03 9.999999776482582092e-03 9.999999776482582092e-03 9.999999776482582092e-03 9.999999776482582092e-03 9.999999776482582092e-03 9.999999776482582092e-03 1.310605406761169434e+00 2.736312389373779297e+00 3.587630510330200195e+00 4.105947494506835938e+00 4.409442424774169922e+00 4.551718711853027344e+00 4.632253646850585938e+00 4.748058795928955078e+00 4.883081912994384766e+00 5.037500858306884766e+00 5.148748874664306641e+00 5.243423938751220703e+00 5.271368503570556641e+00 5.245008945465087891e+00 5.286498069763183594e+00 5.380538940429687500e+00 5.468669891357421875e+00 5.569570064544677734e+00 5.660501956939697266e+00 5.746290683746337891e+00 5.861213684082031250e+00 5.959929466247558594e+00 5.996654510498046875e+00 6.004818439483642578e+00 5.963792324066162109e+00 5.849121570587158203e+00 5.645228862762451172e+00 5.425110816955566406e+00 5.159925937652587891e+00
9.999999776482582092e-03 9.999999776482582092e-03 9.999999776482582092e-03 9.999999776482582092e-03 9.999999776482582092e-03 9.999999776482582092e-03 9.999999776482582092e-03 8.064277768135070801e-01 2.566952466964721680e+00 3.822562217712402344e+00 4.675695896148681641e+00 5.200088500976562500e+00 5.508126258850097656e+00 5.666355133056640625e+00 5.725756645202636719e+00 5.723562240600585938e+00 5.658246040344238281e+00 5.585768222808837891e+00 5.469994544982910156e+00 5.304856777191162109e+00 5.064383983612060547e+00 4.768607139587402344e+00 4.642762184143066406e+00 4.643614768981933594e+00 4.745062351226806641e+00 4.814132690429687500e+00 4.848316192626953125e+00 4.903150081634521484e+00 5.000026226043701172e+00 5.119251728057861328e+00 5.202157497406005859e+00 5.216661453247070312e+00 5.134923934936523438e+00 4.966480255126953125e+00 4.725711345672607422e+00 4.458205223083496094e+00 4.090659141540527344e+00
9.999999776482582092e-03 9.999999776482582092e-03 9.999999776482582092e-03 9.999999776482582092e-03 9.999999776482582092e-03 3.823880851268768311e-01 9.999999776482582092e-03 1.841207385063171387e+00 3.776249408721923828e+00 5.004994869232177734e+00 5.781243324279785156e+00 6.257017612457275391e+00 6.518672943115234375e+00 6.626052379608154297e+00 6.616182327270507812e+00 6.504879951477050781e+00 6.289418697357177734e+00 6.029575824737548828e+00 5.681372165679931641e+00 5.225869178771972656e+00 4.636170387268066406e+00 3.945936679840087891e+00 3.657237291336059570e+00 3.557932853698730469e+00 3.761299133300781250e+00 3.793283462524414062e+00 3.778908967971801758e+00 3.814359426498413086e+00 3.929157495498657227e+00 4.118767261505126953e+00 4.238338470458984375e+00 4.273087978363037109e+00 4.173186302185058594e+00 3.944290637969970703e+00 3.587058067321777344e+00 3.260209798812866211e+00 2.789168596267700195e+00
9.999999776482582092e-03 9.999999776482582092e-03 9.999999776482582092e-03 9.999999776482582092e-03 1.006254434585571289e+00 1.984601616859436035e+00 2.284318923950195312e+00 3.983348846435546875e+00 5.330454349517822266e+00 6.280027389526367188e+00 6.902078151702880859e+00 7.276715755462646484e+00 7.461189270019531250e+00 7.507464408874511719e+00 7.391890048980712891e+00 7.131712436676025391e+00 6.809127807617187500e+00 6.375935077667236328e+00 5.789650440216064453e+00 5.053399562835693359e+00 4.093318939208984375e+00 3.176585197448730469e+00 2.862786769866943359e+00 2.609828948974609375e+00 2.529944896697998047e+00 2.372804880142211914e+00 2.274139881134033203e+00 2.263904094696044922e+00 2.384495496749877930e+00 2.863379716873168945e+00 3.060844898223876953e+00 3.098670959472656250e+00 2.987396717071533203e+00 2.676433563232421875e+00 2.047405481338500977e+00 1.742968440055847168e+00 1.329759716987609863e+00
9.999999776482582092e-03 9.999999776482582092e-03 9.999999776482582092e-03 8.156650066375732422e-01 2.615704059600830078e+00 3.886483907699584961e+00 4.843950748443603516e+00 6.003178596496582031e+00 6.914280414581298828e+00 7.576401710510253906e+00 7.993921279907226562e+00 8.228331565856933594e+00 8.338232040405273438e+00 8.408328056335449219e+00 8.189506530761718750e+00 7.664678096771240234e+00 7.022202491760253906e+00 6.513526916503906250e+00 5.789984703063964844e+00 4.944298267364501953e+00 4.050050735473632812e+00 3.210990428924560547e+00 2.617473363876342773e+00 2.157465219497680664e+00 1.669531226158142090e+00 1.375962734222412109e+00 1.213707089424133301e+00 1.141135573387145996e+00 1.126466870307922363e+00 1.451168537139892578e+00 1.612031936645507812e+00 1.616820573806762695e+00 1.534779191017150879e+00 1.270649433135986328e+00 8.379351496696472168e-01 7.483533620834350586e-01 6.490156650543212891e-01
9.999999776482582092e-03 9.999999776482582092e-03 9.999999776482582092e-03 1.947959423065185547e+00 4.242323875427246094e+00 5.786640644073486328e+00 6.894018650054931641e+00 7.781660079956054688e+00 8.462454795837402344e+00 8.840840339660644531e+00 9.013093948364257812e+00 9.064659118652343750e+00 9.099673271179199219e+00 8.967307090759277344e+00 8.689666748046875000e+00 8.189353942871093750e+00 7.446270942687988281e+00 6.727319717407226562e+00 5.896717548370361328e+00 4.958466053009033203e+00 3.958695411682128906e+00 2.981134176254272461e+00 2.176112174987792969e+00 1.656664848327636719e+00 1.301534414291381836e+00 1.060027241706848145e+00 9.209119677543640137e-01 8.522710204124450684e-01 8.128917813301086426e-01 7.155517935752868652e-01 6.792802810668945312e-01 6.528987884521484375e-01 6.262441277503967285e-01 6.031188368797302246e-01 6.155511736869812012e-01 5.623694658279418945e-01 4.746754467487335205e-01
