Flo_py_wrkspace/heads3.asc
ncols 75
nrows 75
xllcorner 530200
yllcorner 8418325
cellsize 100.0
NODATA_value -999.0
[rows 51 to 67 of 75, columns 0 to 36 of 75]
2.588079071044921875e+01 2.630575561523437500e+01 2.663365936279296875e+01 2.683611679077148438e+01 2.741636848449707031e+01 2.809789085388183594e+01 2.898993110656738281e+01 2.964229202270507812e+01 2.922578239440917969e+01 2.779834175109863281e+01 2.705302429199218750e+01 2.734838676452636719e+01 2.802108573913574219e+01 2.784524726867675781e+01 3.028355979919433594e+01 3.378561401367187500e+01 3.621852111816406250e+01 3.789971542358398438e+01 3.905047607421875000e+01 3.972186660766601562e+01 3.990298080444335938e+01 3.952504730224609375e+01 3.883873748779296875e+01 3.787127304077148438e+01 3.664237976074218750e+01 3.511429214477539062e+01 3.325202560424804688e+01 3.105586433410644531e+01 2.868495178222656250e+01 2.627818298339843750e+01 2.384710693359375000e+01 2.141836929321289062e+01 1.910693740844726562e+01 1.695046806335449219e+01 1.487014865875244141e+01 1.280690193176269531e+01 1.078704261779785156e+01
2.634985923767089844e+01 2.663059425354003906e+01 2.685775566101074219e+01 2.701156044006347656e+01 2.813599205017089844e+01 2.934648323059082031e+01 3.053036308288574219e+01 3.128168296813964844e+01 3.107926177978515625e+01 2.966256904602050781e+01 2.770850563049316406e+01 2.938232231140136719e+01 2.990051460266113281e+01 2.863094139099121094e+01 3.228733825683593750e+01 3.621077728271484375e+01 3.860439682006835938e+01 4.014991378784179688e+01 4.114509582519531250e+01 4.167662811279296875e+01 4.168752288818359375e+01 4.129659652709960938e+01 4.061003875732421875e+01 3.965527343750000000e+01 3.842173004150390625e+01 3.684336471557617188e+01 3.491846847534179688e+01 3.265762329101562500e+01 3.013597488403320312e+01 2.749962234497070312e+01 2.480554771423339844e+01 2.211553573608398438e+01 1.954996871948242188e+01 1.719105148315429688e+01 1.496180057525634766e+01 1.279915142059326172e+01 1.074530315399169922e+01
2.672224998474121094e+01 2.693791961669921875e+01 2.710402679443359375e+01 2.783289337158203125e+01 2.938544082641601562e+01 3.066595840454101562e+01 3.226009368896484375e+01 3.331148147583007812e+01 3.355934143066406250e+01 3.309877395629882812e+01 3.192008209228515625e+01 3.339634323120117188e+01 3.394383621215820312e+01 3.349197769165039062e+01 3.654994201660156250e+01 3.921359634399414062e+01 4.106696319580078125e+01 4.226735305786132812e+01 4.297284317016601562e+01 4.332200622558593750e+01 4.327666473388671875e+01 4.292720794677734375e+01 4.228543090820312500e+01 4.133413696289062500e+01 4.005995941162109375e+01 3.841918182373046875e+01 3.637560272216796875e+01 3.397072601318359375e+01 3.126131820678710938e+01 2.830258750915527344e+01 2.526434898376464844e+01 2.221534919738769531e+01 1.922038078308105469e+01 1.665919876098632812e+01 1.441838359832763672e+01 1.224102592468261719e+01 1.014419078826904297e+01
2.700786018371582031e+01 2.724687767028808594e+01 2.737130928039550781e+01 2.876844406127929688e+01 3.054035377502441406e+01 3.235771942138671875e+01 3.432578277587890625e+01 3.554537582397460938e+01 3.622227478027343750e+01 3.651913833618164062e+01 3.671293258666992188e+01 3.756704330444335938e+01 3.812285614013671875e+01 3.877265548706054688e+01 4.045241165161132812e+01 4.213621902465820312e+01 4.340998458862304688e+01 4.423688888549804688e+01 4.468339920043945312e+01 4.488659667968750000e+01 4.481700897216796875e+01 4.442704010009765625e+01 4.376929473876953125e+01 4.281892776489257812e+01 4.154235076904296875e+01 3.978627395629882812e+01 3.759495544433593750e+01 3.501470565795898438e+01 3.199014472961425781e+01 2.854269218444824219e+01 2.515921211242675781e+01 2.173696136474609375e+01 1.791168403625488281e+01 1.515341472625732422e+01 1.308312797546386719e+01 1.109483718872070312e+01 8.969502449035644531e+00
2.721736907958984375e+01 2.762018203735351562e+01 2.831701278686523438e+01 3.011607551574707031e+01 3.188079452514648438e+01 3.422055435180664062e+01 3.639904785156250000e+01 3.775255966186523438e+01 3.873002243041992188e+01 3.943311309814453125e+01 4.006148910522460938e+01 4.081879425048828125e+01 4.146979522705078125e+01 4.232022094726562500e+01 4.349394607543945312e+01 4.457135009765625000e+01 4.542580795288085938e+01 4.606095504760742188e+01 4.632470703125000000e+01 4.637837219238281250e+01 4.622487258911132812e+01 4.571539306640625000e+01 4.499674224853515625e+01 4.395782470703125000e+01 4.249413681030273438e+01 4.069269180297851562e+01 3.847546005249023438e+01 3.574578094482421875e+01 3.234743499755859375e+01 2.810612297058105469e+01 2.477312278747558594e+01 2.088464927673339844e+01 1.490685558319091797e+01 1.239406681060791016e+01 1.091957473754882812e+01 9.430258750915527344e+00 7.235790252685546875e+00
2.735111999511718750e+01 2.790657806396484375e+01 2.924925041198730469e+01 3.115369224548339844e+01 3.351850509643554688e+01 3.617321014404296875e+01 3.835790252685546875e+01 3.979593276977539062e+01 4.092262268066406250e+01 4.180765914916992188e+01 4.260458374023437500e+01 4.336341094970703125e+01 4.410659027099609375e+01 4.492281341552734375e+01 4.575959014892578125e+01 4.645086288452148438e+01 4.703223800659179688e+01 4.727435302734375000e+01 4.732906341552734375e+01 4.726398086547851562e+01 4.708365631103515625e+01 4.664989471435546875e+01 4.587948989868164062e+01 4.469374465942382812e+01 4.312872695922851562e+01 4.124821853637695312e+01 3.895711898803710938e+01 3.616925811767578125e+01 3.284467697143554688e+01 2.892668533325195312e+01 2.440834808349609375e+01 1.765557479858398438e+01 1.107606887817382812e+01 1.004415035247802734e+01 9.298688888549804688e+00 7.813720703125000000e+00 5.036058425903320312e+00
2.741028976440429688e+01 2.871780586242675781e+01 3.044216156005859375e+01 3.273605346679687500e+01 3.549109268188476562e+01 3.783910751342773438e+01 3.989600372314453125e+01 4.146999740600585938e+01 4.271093368530273438e+01 4.372557449340820312e+01 4.462497711181640625e+01 4.543524932861328125e+01 4.616849517822265625e+01 4.687957763671875000e+01 4.750710678100585938e+01 4.781822967529296875e+01 4.795532226562500000e+01 4.789380264282226562e+01 4.782087326049804688e+01 4.767824172973632812e+01 4.743581771850585938e+01 4.702371215820312500e+01 4.644460678100585938e+01 4.530672836303710938e+01 4.356339645385742188e+01 4.155041122436523438e+01 3.920763015747070312e+01 3.645816421508789062e+01 3.322167587280273438e+01 2.936725044250488281e+01 2.494278335571289062e+01 1.952594566345214844e+01 1.308501720428466797e+01 9.544698715209960938e+00 8.534839630126953125e+00 6.651760101318359375e+00 4.595164299011230469e+00
2.741558074951171875e+01 2.968241310119628906e+01 3.193530273437500000e+01 3.440895462036132812e+01 3.683231353759765625e+01 3.908421707153320312e+01 4.109552001953125000e+01 4.274958801269531250e+01 4.408578109741210938e+01 4.520623016357421875e+01 4.619362258911132812e+01 4.709241104125976562e+01 4.775870895385742188e+01 4.821931457519531250e+01 4.847885894775390625e+01 4.851730728149414062e+01 4.842660140991210938e+01 4.831528472900390625e+01 4.816312789916992188e+01 4.793820190429687500e+01 4.763056945800781250e+01 4.720653152465820312e+01 4.666415786743164062e+01 4.559143447875976562e+01 4.378292465209960938e+01 4.167039108276367188e+01 3.927865600585937500e+01 3.653395462036132812e+01 3.335636138916015625e+01 2.974335861206054688e+01 2.569601249694824219e+01 2.109261512756347656e+01 1.624513053894042969e+01 1.203037166595458984e+01 9.589228630065917969e+00 6.688201904296875000e+00 3.982424020767211914e+00
2.738087081909179688e+01 3.028085899353027344e+01 3.298653030395507812e+01 3.540803527832031250e+01 3.774761962890625000e+01 3.997036743164062500e+01 4.197994232177734375e+01 4.366976547241210938e+01 4.509284210205078125e+01 4.632742691040039062e+01 4.742562103271484375e+01 4.809702682495117188e+01 4.848762893676757812e+01 4.874970626831054688e+01 4.886800003051757812e+01 4.884421157836914062e+01 4.871471405029296875e+01 4.856811904907226562e+01 4.838782501220703125e+01 4.810852432250976562e+01 4.775489044189453125e+01 4.732833862304687500e+01 4.672515869140625000e+01 4.558467864990234375e+01 4.376849365234375000e+01 4.161764526367187500e+01 3.916320037841796875e+01 3.640726852416992188e+01 3.327364349365234375e+01 2.981422996520996094e+01 2.608200263977050781e+01 2.208893394470214844e+01 1.803927421569824219e+01 1.438349151611328125e+01 1.133519840240478516e+01 8.352395057678222656e+00 5.436052322387695312e+00
2.730825042724609375e+01 3.047197341918945312e+01 3.332389450073242188e+01 3.589956283569335938e+01 3.832039260864257812e+01 4.059287643432617188e+01 4.260997390747070312e+01 4.434558868408203125e+01 4.586154174804687500e+01 4.719197463989257812e+01 4.809058380126953125e+01 4.849737930297851562e+01 4.880051803588867188e+01 4.898160934448242188e+01 4.904080963134765625e+01 4.899426269531250000e+01 4.885749053955078125e+01 4.867149734497070312e+01 4.843954467773437500e+01 4.814134216308593750e+01 4.777441787719726562e+01 4.734969329833984375e+01 4.659245681762695312e+01 4.520241928100585938e+01 4.341419601440429688e+01 4.127702713012695312e+01 3.880675125122070312e+01 3.606715011596679688e+01 3.299440002441406250e+01 2.957923507690429688e+01 2.600684165954589844e+01 2.242863845825195312e+01 1.883119201660156250e+01 1.537849998474121094e+01 1.226561164855957031e+01 9.411953926086425781e+00 6.839681148529052734e+00
2.720208930969238281e+01 3.050518035888671875e+01 3.343658065795898438e+01 3.613098907470703125e+01 3.864475631713867188e+01 4.097731399536132812e+01 4.302616119384765625e+01 4.479455947875976562e+01 4.633696365356445312e+01 4.763359069824218750e+01 4.839538192749023438e+01 4.879411697387695312e+01 4.903663635253906250e+01 4.915611648559570312e+01 4.915476989746093750e+01 4.906217193603515625e+01 4.889773941040039062e+01 4.867561340332031250e+01 4.840393447875976562e+01 4.807168960571289062e+01 4.766610336303710938e+01 4.718674850463867188e+01 4.625357437133789062e+01 4.467639923095703125e+01 4.282570266723632812e+01 4.063751983642578125e+01 3.813637542724609375e+01 3.544976043701171875e+01 3.243098068237304688e+01 2.904528617858886719e+01 2.557377624511718750e+01 2.212479972839355469e+01 1.876081848144531250e+01 1.549883842468261719e+01 1.244522094726562500e+01 9.638276100158691406e+00 7.155694484710693359e+00
2.706599998474121094e+01 3.044072723388671875e+01 3.342891311645507812e+01 3.620116424560546875e+01 3.877917480468750000e+01 4.112862396240234375e+01 4.320782470703125000e+01 4.500880432128906250e+01 4.653068161010742188e+01 4.775207519531250000e+01 4.860763549804687500e+01 4.903570556640625000e+01 4.918959426879882812e+01 4.925354385375976562e+01 4.919535446166992188e+01 4.905368423461914062e+01 4.884630966186523438e+01 4.858779144287109375e+01 4.828116226196289062e+01 4.791267395019531250e+01 4.746088409423828125e+01 4.689736938476562500e+01 4.569604873657226562e+01 4.395088958740234375e+01 4.200624847412109375e+01 3.972439956665039062e+01 3.718798828125000000e+01 3.441709899902343750e+01 3.129337120056152344e+01 2.793971252441406250e+01 2.457477569580078125e+01 2.123375701904296875e+01 1.800380134582519531e+01 1.489351654052734375e+01 1.190650844573974609e+01 9.065588951110839844e+00 6.521442413330078125e+00
2.689850997924804688e+01 3.027898216247558594e+01 3.334021759033203125e+01 3.616328430175781250e+01 3.875732803344726562e+01 4.106638336181640625e+01 4.311888885498046875e+01 4.493303680419921875e+01 4.645880508422851562e+01 4.767594909667968750e+01 4.853390502929687500e+01 4.904912185668945312e+01 4.926067733764648438e+01 4.925869369506835938e+01 4.913185501098632812e+01 4.893092727661132812e+01 4.867987823486328125e+01 4.839332962036132812e+01 4.805318450927734375e+01 4.766029357910156250e+01 4.715650558471679688e+01 4.623373031616210938e+01 4.470331573486328125e+01 4.292793655395507812e+01 4.091152954101562500e+01 3.857044219970703125e+01 3.593116378784179688e+01 3.296874618530273438e+01 2.969497489929199219e+01 2.628557777404785156e+01 2.289058876037597656e+01 1.963268661499023438e+01 1.659374237060546875e+01 1.364919662475585938e+01 1.068599033355712891e+01 7.586943149566650391e+00 4.545974254608154297e+00
2.670186996459960938e+01 3.008771896362304688e+01 3.316623687744140625e+01 3.600692749023437500e+01 3.858774185180664062e+01 4.076870727539062500e+01 4.279249954223632812e+01 4.464093780517578125e+01 4.610355377197265625e+01 4.732530593872070312e+01 4.819620895385742188e+01 4.874686813354492188e+01 4.903118896484375000e+01 4.908394241333007812e+01 4.892646026611328125e+01 4.867385864257812500e+01 4.836885452270507812e+01 4.808813095092773438e+01 4.770954132080078125e+01 4.709165573120117188e+01 4.622642135620117188e+01 4.497345733642578125e+01 4.343402481079101562e+01 4.161253738403320312e+01 3.951026535034179688e+01 3.710479736328125000e+01 3.433849334716796875e+01 3.117032623291015625e+01 2.767155647277832031e+01 2.401758956909179688e+01 2.046385192871093750e+01 1.732508277893066406e+01 1.454373645782470703e+01 1.184502220153808594e+01 8.980924606323242188e+00 5.485035896301269531e+00 2.320509672164916992e+00
2.648142051696777344e+01 2.986850357055664062e+01 3.289997863769531250e+01 3.565980911254882812e+01 3.811129379272460938e+01 4.024872970581054688e+01 4.219396591186523438e+01 4.393555831909179688e+01 4.543431472778320312e+01 4.669900512695312500e+01 4.752170944213867188e+01 4.809501266479492188e+01 4.840043258666992188e+01 4.847753524780273438e+01 4.839097213745117188e+01 4.815454483032226562e+01 4.785617828369140625e+01 4.738335800170898438e+01 4.670928955078125000e+01 4.577779006958007812e+01 4.472509002685546875e+01 4.342120742797851562e+01 4.183300018310546875e+01 3.995271301269531250e+01 3.777494430541992188e+01 3.525934219360351562e+01 3.233034133911132812e+01 2.890629959106445312e+01 2.504503631591796875e+01 2.091503143310546875e+01 1.696656990051269531e+01 1.404393863677978516e+01 1.185268115997314453e+01 9.687260627746582031e+00 7.452029228210449219e+00 5.026288509368896484e+00 2.474444150924682617e+00
2.623432922363281250e+01 2.956932640075683594e+01 3.253490447998046875e+01 3.518236923217773438e+01 3.750857543945312500e+01 3.954446411132812500e+01 4.137348175048828125e+01 4.299935913085937500e+01 4.442586898803710938e+01 4.562154006958007812e+01 4.640353393554687500e+01 4.699614334106445312e+01 4.729399108886718750e+01 4.732554244995117188e+01 4.726465606689453125e+01 4.716145324707031250e+01 4.659764099121093750e+01 4.584607696533203125e+01 4.503885269165039062e+01 4.408594131469726562e+01 4.295502853393554688e+01 4.162117767333984375e+01 4.002185440063476562e+01 3.804594039916992188e+01 3.579505157470703125e+01 3.324303436279296875e+01 3.015708923339843750e+01 2.635703659057617188e+01 2.209009552001953125e+01 1.690653991699218750e+01 1.141655921936035156e+01 9.101420402526855469e+00 8.403644561767578125e+00 7.085671901702880859e+00 5.678748130798339844e+00 4.009636402130126953e+00 2.032474994659423828e+00
2.595669937133789062e+01 2.919210052490234375e+01 3.208855056762695312e+01 3.462085342407226562e+01 3.679001235961914062e+01 3.866235351562500000e+01 4.031736373901367188e+01 4.179564285278320312e+01 4.310723876953125000e+01 4.409191513061523438e+01 4.486312484741210938e+01 4.541302490234375000e+01 4.567859649658203125e+01 4.565384292602539062e+01 4.548590469360351562e+01 4.517621994018554688e+01 4.454479598999023438e+01 4.382762145996093750e+01 4.299825668334960938e+01 4.204076004028320312e+01 4.091397476196289062e+01 3.955187988281250000e+01 3.789577102661132812e+01 3.594657135009765625e+01 3.367416000366210938e+01 3.099132156372070312e+01 2.773861885070800781e+01 2.387845230102539062e+01 1.910691070556640625e+01 1.236454963684082031e+01 6.281229972839355469e+00 5.281125545501708984e+00 4.769263267517089844e+00 3.936506032943725586e+00 3.616609573364257812e+00 2.704653501510620117e+00 1.437264084815979004e+00
