Flo_py_wrkspace/heads3.asc
ncols 75
nrows 75
xllcorner 530200
yllcorner 8418325
cellsize 100.0
NODATA_value -999.0
[rows 17 to 33 of 75, columns 37 to 73 of 75]
6.195555686950683594e+00 6.503144741058349609e+00 6.626476764678955078e+00 6.519665718078613281e+00 6.163257598876953125e+00 5.530595302581787109e+00 4.420195102691650391e+00 3.300648689270019531e+00 3.111521720886230469e+00 3.101983308792114258e+00 2.897597074508666992e+00 2.177806854248046875e+00 2.469606399536132812e+00 2.856904268264770508e+00 2.709528207778930664e+00 2.145271539688110352e+00 2.210156440734863281e+00 3.396735668182373047e+00 4.590851783752441406e+00 5.240108489990234375e+00 5.545743942260742188e+00 5.611010074615478516e+00 5.508407592773437500e+00 5.268502712249755859e+00 4.753052234649658203e+00 3.911312580108642578e+00 2.620614767074584961e+00 1.650717020034790039e+00 1.430450916290283203e+00 1.584269762039184570e+00 1.820581316947937012e+00 1.683318853378295898e+00 1.248967170715332031e+00 5.900765657424926758e-01 9.999999776482582092e-03 9.999999776482582092e-03 9.999999776482582092e-03
6.882361888885498047e+00 7.102114200592041016e+00 7.184784412384033203e+00 7.063848018646240234e+00 6.740774154663085938e+00 6.252048492431640625e+00 5.550165653228759766e+00 4.618803024291992188e+00 4.297354698181152344e+00 4.422096252441406250e+00 4.271412372589111328e+00 3.762500762939453125e+00 4.071608066558837891e+00 4.271686553955078125e+00 4.161384582519531250e+00 3.673580169677734375e+00 3.840077877044677734e+00 4.867370128631591797e+00 5.694664001464843750e+00 6.158663749694824219e+00 6.343559741973876953e+00 6.314017295837402344e+00 6.157974243164062500e+00 5.889817714691162109e+00 5.421351432800292969e+00 4.647747039794921875e+00 3.357081651687622070e+00 2.148355722427368164e+00 2.415795326232910156e+00 2.749811410903930664e+00 2.675676584243774414e+00 2.301246404647827148e+00 1.610073924064636230e+00 6.571024656295776367e-01 9.999999776482582092e-03 9.999999776482582092e-03 9.999999776482582092e-03
7.478033542633056641e+00 7.597863197326660156e+00 7.621981143951416016e+00 7.504139423370361328e+00 7.258956432342529297e+00 6.920069217681884766e+00 6.511905193328857422e+00 6.040763854980468750e+00 5.733472347259521484e+00 5.651948451995849609e+00 5.547306537628173828e+00 5.415530204772949219e+00 5.493438720703125000e+00 5.635909080505371094e+00 5.629863262176513672e+00 5.524778366088867188e+00 5.670246601104736328e+00 6.194235801696777344e+00 6.679493904113769531e+00 6.917490482330322266e+00 6.993361473083496094e+00 6.938639640808105469e+00 6.777669429779052734e+00 6.525827884674072266e+00 6.138706684112548828e+00 5.571790218353271484e+00 4.755873203277587891e+00 3.806291818618774414e+00 3.929733514785766602e+00 3.856981754302978516e+00 3.557784080505371094e+00 3.003844261169433594e+00 2.103809118270874023e+00 8.983097672462463379e-01 9.999999776482582092e-03 9.999999776482582092e-03 9.999999776482582092e-03
7.922187805175781250e+00 7.952370166778564453e+00 7.945707321166992188e+00 7.831043243408203125e+00 7.631286621093750000e+00 7.404124736785888672e+00 7.150708198547363281e+00 6.877640724182128906e+00 6.648850917816162109e+00 6.545196533203125000e+00 6.491427898406982422e+00 6.464051723480224609e+00 6.533374786376953125e+00 6.646671295166015625e+00 6.714383602142333984e+00 6.736815929412841797e+00 6.858788490295410156e+00 7.143738269805908203e+00 7.408773422241210938e+00 7.517928600311279297e+00 7.535435676574707031e+00 7.465383529663085938e+00 7.316755294799804688e+00 7.098752975463867188e+00 6.808008670806884766e+00 6.432340145111083984e+00 5.954833507537841797e+00 5.454436779022216797e+00 5.184516429901123047e+00 4.885623455047607422e+00 4.431686401367187500e+00 3.768663167953491211e+00 2.754708051681518555e+00 1.494640469551086426e+00 9.999999776482582092e-03 9.999999776482582092e-03 9.999999776482582092e-03
8.167220115661621094e+00 8.142905235290527344e+00 8.074991226196289062e+00 7.965951919555664062e+00 7.826510429382324219e+00 7.676522254943847656e+00 7.522481441497802734e+00 7.335315704345703125e+00 7.174149036407470703e+00 7.139058113098144531e+00 7.109469413757324219e+00 7.098604202270507812e+00 7.158379554748535156e+00 7.255571365356445312e+00 7.347683429718017578e+00 7.446040153503417969e+00 7.574891090393066406e+00 7.758710384368896484e+00 7.875086784362792969e+00 7.921847820281982422e+00 7.934665203094482422e+00 7.863462448120117188e+00 7.739741325378417969e+00 7.574794292449951172e+00 7.366755485534667969e+00 7.108291149139404297e+00 6.807127475738525391e+00 6.475580692291259766e+00 6.158970355987548828e+00 5.780164718627929688e+00 5.277305603027343750e+00 4.573626995086669922e+00 3.455544710159301758e+00 2.583592891693115234e+00 1.443203091621398926e+00 9.999999776482582092e-03 9.999999776482582092e-03
8.251793861389160156e+00 8.152247428894042969e+00 8.051147460937500000e+00 7.934351444244384766e+00 7.812408924102783203e+00 7.710628032684326172e+00 7.581802368164062500e+00 7.445231914520263672e+00 7.363577365875244141e+00 7.364181995391845703e+00 7.391067028045654297e+00 7.420505523681640625e+00 7.503978729248046875e+00 7.597781181335449219e+00 7.696138381958007812e+00 7.824675559997558594e+00 7.941043376922607422e+00 8.039457321166992188e+00 8.119928359985351562e+00 8.161744117736816406e+00 8.187151908874511719e+00 8.124577522277832031e+00 8.025959968566894531e+00 7.915179729461669922e+00 7.776039123535156250e+00 7.609425067901611328e+00 7.389914512634277344e+00 7.159613132476806641e+00 6.886671066284179688e+00 6.550595760345458984e+00 6.108284950256347656e+00 5.482032299041748047e+00 4.499646186828613281e+00 3.730792522430419922e+00 3.617171764373779297e+00 3.703357458114624023e+00 5.418040275573730469e+00
8.105710983276367188e+00 7.971862792968750000e+00 7.836083889007568359e+00 7.703257083892822266e+00 7.580102920532226562e+00 7.467240810394287109e+00 7.370421409606933594e+00 7.293094158172607422e+00 7.260780811309814453e+00 7.283317565917968750e+00 7.383592128753662109e+00 7.452646255493164062e+00 7.569845199584960938e+00 7.670781135559082031e+00 7.769452095031738281e+00 7.935662746429443359e+00 8.041342735290527344e+00 8.114785194396972656e+00 8.183316230773925781e+00 8.229407310485839844e+00 8.259297370910644531e+00 8.226090431213378906e+00 8.162207603454589844e+00 8.094834327697753906e+00 8.009611129760742188e+00 7.920673847198486328e+00 7.767609119415283203e+00 7.627580165863037109e+00 7.433862686157226562e+00 7.210802078247070312e+00 6.908767223358154297e+00 6.458065509796142578e+00 5.653994083404541016e+00 4.869963645935058594e+00 5.577165126800537109e+00 6.357389450073242188e+00 8.028100967407226562e+00
7.784654140472412109e+00 7.612178325653076172e+00 7.427361965179443359e+00 7.272083282470703125e+00 7.126194000244140625e+00 7.008154392242431641e+00 6.939473152160644531e+00 6.893487453460693359e+00 6.894317150115966797e+00 6.962424755096435547e+00 7.081575393676757812e+00 7.186173915863037109e+00 7.324905395507812500e+00 7.466015815734863281e+00 7.596673965454101562e+00 7.784639835357666016e+00 7.900285243988037109e+00 7.985531806945800781e+00 8.067718505859375000e+00 8.125307083129882812e+00 8.194581031799316406e+00 8.172101020812988281e+00 8.131139755249023438e+00 8.103899002075195312e+00 8.091387748718261719e+00 8.021697044372558594e+00 7.941382884979248047e+00 7.875320911407470703e+00 7.809647083282470703e+00 7.739919662475585938e+00 7.626363277435302734e+00 7.442253112792968750e+00 7.135908603668212891e+00 6.801351070404052734e+00 7.432680130004882812e+00 8.094816207885742188e+00 9.342546463012695312e+00
7.289449214935302734e+00 7.057407855987548828e+00 6.828756332397460938e+00 6.629591941833496094e+00 6.443292140960693359e+00 6.313750743865966797e+00 6.259012699127197266e+00 6.240183830261230469e+00 6.270177841186523438e+00 6.386018753051757812e+00 6.516455650329589844e+00 6.661778450012207031e+00 6.842518329620361328e+00 7.023043155670166016e+00 7.197251319885253906e+00 7.398567199707031250e+00 7.560118675231933594e+00 7.673304080963134766e+00 7.771165847778320312e+00 7.862317085266113281e+00 7.924961566925048828e+00 7.927869796752929688e+00 7.926168441772460938e+00 7.936939716339111328e+00 7.982876300811767578e+00 7.953697681427001953e+00 7.937586307525634766e+00 7.960717201232910156e+00 8.010843276977539062e+00 8.088828086853027344e+00 8.166651725769042969e+00 8.226164817810058594e+00 8.285201072692871094e+00 8.405887603759765625e+00 8.678630828857421875e+00 9.215122222900390625e+00 1.010491657257080078e+01
6.584867000579833984e+00 6.321544170379638672e+00 6.063638687133789062e+00 5.797025680541992188e+00 5.559062957763671875e+00 5.404404640197753906e+00 5.326024532318115234e+00 5.332415103912353516e+00 5.415201663970947266e+00 5.565919876098632812e+00 5.746939659118652344e+00 5.927677631378173828e+00 6.156477928161621094e+00 6.377138137817382812e+00 6.597975730895996094e+00 6.812314033508300781e+00 7.030430793762207031e+00 7.188419342041015625e+00 7.308864116668701172e+00 7.432197570800781250e+00 7.485230922698974609e+00 7.511871814727783203e+00 7.540980339050292969e+00 7.577326297760009766e+00 7.628759384155273438e+00 7.676335811614990234e+00 7.740105628967285156e+00 7.845923900604248047e+00 8.009733200073242188e+00 8.229148864746093750e+00 8.496976852416992188e+00 8.750064849853515625e+00 9.046481132507324219e+00 9.267220497131347656e+00 9.380371093750000000e+00 9.947474479675292969e+00 1.057706069946289062e+01
5.790572643280029297e+00 5.470473289489746094e+00 5.111859321594238281e+00 4.743853092193603516e+00 4.372802734375000000e+00 4.147235870361328125e+00 4.055244445800781250e+00 4.077107429504394531e+00 4.227662563323974609e+00 4.510948181152343750e+00 4.771829605102539062e+00 4.986306667327880859e+00 5.243278980255126953e+00 5.535612583160400391e+00 5.822319984436035156e+00 6.090181827545166016e+00 6.338014602661132812e+00 6.546275138854980469e+00 6.706319332122802734e+00 6.812714576721191406e+00 6.870546340942382812e+00 6.901070117950439453e+00 6.938167095184326172e+00 6.992321491241455078e+00 7.090820312500000000e+00 7.199516773223876953e+00 7.327482700347900391e+00 7.513113498687744141e+00 7.782739162445068359e+00 8.128170967102050781e+00 8.552632331848144531e+00 8.968977928161621094e+00 9.424498558044433594e+00 9.791942596435546875e+00 1.011784076690673828e+01 1.057221031188964844e+01 1.092194461822509766e+01
4.819600582122802734e+00 4.400959014892578125e+00 3.863952159881591797e+00 3.332756996154785156e+00 2.573295354843139648e+00 2.308185100555419922e+00 2.219520092010498047e+00 2.237676620483398438e+00 2.428359270095825195e+00 3.077244997024536133e+00 3.447973966598510742e+00 3.727116346359252930e+00 4.050368785858154297e+00 4.485345840454101562e+00 4.879776954650878906e+00 5.235795497894287109e+00 5.545066356658935547e+00 5.795527458190917969e+00 5.965695858001708984e+00 6.022017002105712891e+00 5.975283622741699219e+00 5.959243297576904297e+00 5.995125293731689453e+00 6.082599639892578125e+00 6.220484256744384766e+00 6.403978347778320312e+00 6.619663238525390625e+00 6.911717414855957031e+00 7.322205543518066406e+00 7.785132884979248047e+00 8.309465408325195312e+00 8.926674842834472656e+00 9.520736694335937500e+00 1.006967639923095703e+01 1.059036064147949219e+01 1.085918998718261719e+01 1.113282871246337891e+01
3.607269287109375000e+00 3.034890174865722656e+00 2.183517456054687500e+00 1.646301269531250000e+00 1.076718568801879883e+00 1.004036068916320801e+00 9.602985978126525879e-01 9.472286701202392578e-01 9.680989384651184082e-01 1.421600699424743652e+00 1.736780881881713867e+00 1.964002490043640137e+00 2.280083179473876953e+00 3.081278562545776367e+00 3.660368919372558594e+00 4.200201511383056641e+00 4.623361587524414062e+00 4.924232006072998047e+00 5.098484039306640625e+00 5.044106483459472656e+00 4.688311100006103516e+00 4.563099384307861328e+00 4.588600635528564453e+00 4.726122856140136719e+00 4.932270050048828125e+00 5.191890239715576172e+00 5.486446857452392578e+00 5.863380908966064453e+00 6.589576244354248047e+00 7.203998565673828125e+00 7.838180541992187500e+00 8.651861190795898438e+00 9.446842193603515625e+00 1.016541767120361328e+01 1.073858737945556641e+01 1.111704254150390625e+01 1.131763744354248047e+01
2.017700195312500000e+00 1.461963057518005371e+00 8.809658288955688477e-01 7.954201698303222656e-01 7.804508209228515625e-01 7.269315123558044434e-01 6.884067058563232422e-01 6.683399677276611328e-01 6.513436436653137207e-01 5.931621193885803223e-01 6.358496546745300293e-01 7.248977422714233398e-01 8.259969949722290039e-01 1.426588296890258789e+00 2.010117530822753906e+00 2.907220602035522461e+00 3.546911239624023438e+00 3.945997238159179688e+00 4.129680156707763672e+00 4.015326976776123047e+00 3.690041780471801758e+00 3.524034261703491211e+00 3.570174932479858398e+00 3.754907846450805664e+00 4.021250247955322266e+00 4.330219745635986328e+00 4.641525745391845703e+00 4.900169849395751953e+00 5.609814167022705078e+00 6.284097194671630859e+00 6.929796695709228516e+00 8.145905494689941406e+00 9.295076370239257812e+00 1.024160957336425781e+01 1.087980556488037109e+01 1.129240036010742188e+01 1.139112377166748047e+01
7.851283550262451172e-01 6.779586076736450195e-01 6.239755153656005859e-01 5.516046881675720215e-01 4.735346436500549316e-01 3.855740129947662354e-01 3.502954542636871338e-01 3.347311019897460938e-01 3.272998631000518799e-01 3.232014179229736328e-01 3.733118176460266113e-01 4.761033058166503906e-01 5.606651306152343750e-01 6.079961657524108887e-01 7.091803550720214844e-01 1.376446008682250977e+00 2.314805507659912109e+00 2.863745212554931641e+00 3.077639579772949219e+00 3.094364881515502930e+00 3.163052320480346680e+00 3.103658437728881836e+00 3.237728357315063477e+00 3.483041763305664062e+00 3.802483081817626953e+00 4.155630588531494141e+00 4.516969203948974609e+00 4.870723247528076172e+00 5.253082752227783203e+00 5.626260280609130859e+00 5.937290191650390625e+00 7.441297054290771484e+00 9.186905860900878906e+00 1.035727119445800781e+01 1.104275417327880859e+01 1.140488052368164062e+01 1.147970485687255859e+01
5.771552324295043945e-01 4.600964486598968506e-01 3.383084237575531006e-01 2.641175985336303711e-01 1.765939146280288696e-01 9.999999776482582092e-03 9.999999776482582092e-03 9.999999776482582092e-03 9.999999776482582092e-03 9.999999776482582092e-03 9.999999776482582092e-03 1.984583586454391479e-01 2.892186045646667480e-01 3.890148997306823730e-01 4.604055583477020264e-01 4.775439500808715820e-01 9.941130280494689941e-01 1.688699245452880859e+00 1.889994740486145020e+00 1.737661123275756836e+00 2.035793542861938477e+00 2.484964132308959961e+00 2.748581886291503906e+00 3.098944187164306641e+00 3.505350351333618164e+00 3.930892705917358398e+00 4.355086326599121094e+00 4.770757675170898438e+00 5.169540882110595703e+00 5.546865940093994141e+00 5.828045845031738281e+00 7.411855697631835938e+00 9.488364219665527344e+00 1.064691066741943359e+01 1.122944450378417969e+01 1.151597309112548828e+01 1.156709003448486328e+01
3.622136712074279785e-01 2.021864652633666992e-01 9.999999776482582092e-03 9.999999776482582092e-03 9.999999776482582092e-03 9.999999776482582092e-03 9.999999776482582092e-03 9.999999776482582092e-03 9.999999776482582092e-03 9.999999776482582092e-03 9.999999776482582092e-03 9.999999776482582092e-03 9.999999776482582092e-03 1.546757966279983521e-01 2.178172320127487183e-01 2.347171157598495483e-01 2.258972376585006714e-01 5.515107512474060059e-01 6.754797697067260742e-01 5.494289398193359375e-01 9.294239878654479980e-01 1.611712813377380371e+00 2.123521566390991211e+00 2.621522426605224609e+00 3.136973619461059570e+00 3.660699129104614258e+00 4.161285400390625000e+00 4.647235393524169922e+00 5.080945968627929688e+00 5.519644260406494141e+00 5.834970474243164062e+00 7.774960994720458984e+00 9.874357223510742188e+00 1.097430229187011719e+01 1.140919685363769531e+01 1.159325027465820312e+01 1.160911083221435547e+01
