Flo_py_wrkspace/heads3.asc
ncols 75
nrows 75
xllcorner 530200
yllcorner 8418325
cellsize 100.0
NODATA_value -999.0
[rows 34 to 50 of 75, columns 0 to 36 of 75]
9.999999776482582092e-03 9.999999776482582092e-03 9.999999776482582092e-03 3.961710453033447266e+00 6.249365329742431641e+00 7.769343376159667969e+00 8.798808097839355469e+00 9.474475860595703125e+00 9.927428245544433594e+00 1.006733226776123047e+01 9.936198234558105469e+00 9.737814903259277344e+00 9.564803123474121094e+00 9.293304443359375000e+00 8.972938537597656250e+00 8.488771438598632812e+00 7.819524288177490234e+00 7.023806571960449219e+00 6.090858459472656250e+00 5.007953643798828125e+00 3.800098657608032227e+00 2.533880472183227539e+00 1.375680208206176758e+00 9.300727248191833496e-01 7.666141986846923828e-01 5.947487950325012207e-01 4.959882497787475586e-01 4.796723127365112305e-01 5.071232318878173828e-01 4.958640635013580322e-01 4.820075333118438721e-01 4.675214290618896484e-01 4.451877474784851074e-01 4.234496057033538818e-01 4.068216681480407715e-01 3.632395863533020020e-01 2.838241457939147949e-01
9.999999776482582092e-03 2.574752569198608398e+00 4.876362800598144531e+00 7.065676212310791016e+00 8.715407371520996094e+00 9.897756576538085938e+00 1.065488910675048828e+01 1.112786388397216797e+01 1.133005619049072266e+01 1.124457168579101562e+01 1.071642017364501953e+01 1.006166267395019531e+01 9.852663040161132812e+00 9.640303611755371094e+00 9.395892143249511719e+00 8.954837799072265625e+00 8.299624443054199219e+00 7.445872783660888672e+00 6.402680397033691406e+00 5.147673130035400391e+00 3.653175830841064453e+00 1.915492892265319824e+00 9.999999776482582092e-03 9.999999776482582092e-03 1.892702728509902954e-01 9.999999776482582092e-03 9.999999776482582092e-03 9.999999776482582092e-03 1.896660923957824707e-01 2.330608516931533813e-01 2.418642491102218628e-01 2.500337958335876465e-01 2.261550128459930420e-01 2.086865603923797607e-01 1.934198439121246338e-01 1.663152724504470825e-01 1.119959205389022827e-01
1.360682964324951172e+01 9.792961120605468750e+00 9.516291618347167969e+00 1.031332015991210938e+01 1.125193881988525391e+01 1.203229331970214844e+01 1.253188800811767578e+01 1.282080936431884766e+01 1.279892826080322266e+01 1.254181194305419922e+01 1.197120380401611328e+01 1.089729213714599609e+01 1.010694503784179688e+01 9.988797187805175781e+00 9.988595008850097656e+00 9.610205650329589844e+00 8.955822944641113281e+00 8.046707153320312500e+00 6.887742996215820312e+00 5.484187602996826172e+00 3.708630561828613281e+00 1.741151928901672363e+00 9.999999776482582092e-03 9.999999776482582092e-03 9.999999776482582092e-03 9.999999776482582092e-03 9.999999776482582092e-03 9.999999776482582092e-03 9.999999776482582092e-03 9.999999776482582092e-03 9.999999776482582092e-03 6.349098682403564453e-02 9.999999776482582092e-03 9.999999776482582092e-03 9.999999776482582092e-03 9.999999776482582092e-03 9.999999776482582092e-03
1.432923984527587891e+01 1.307126140594482422e+01 1.273739337921142578e+01 1.302148532867431641e+01 1.355300807952880859e+01 1.404843044281005859e+01 1.433483791351318359e+01 1.444711780548095703e+01 1.429331779479980469e+01 1.395543670654296875e+01 1.339234447479248047e+01 1.255922698974609375e+01 1.158952522277832031e+01 1.137366390228271484e+01 1.094522285461425781e+01 1.052365970611572266e+01 9.835585594177246094e+00 8.875638961791992188e+00 7.587710857391357422e+00 6.067348003387451172e+00 3.925150394439697266e+00 1.592253804206848145e+00 9.999999776482582092e-03 9.999999776482582092e-03 9.999999776482582092e-03 9.999999776482582092e-03 9.999999776482582092e-03 9.999999776482582092e-03 9.999999776482582092e-03 9.999999776482582092e-03 9.999999776482582092e-03 9.999999776482582092e-03 9.999999776482582092e-03 9.999999776482582092e-03 9.999999776482582092e-03 9.999999776482582092e-03 9.999999776482582092e-03
1.509428977966308594e+01 1.497378635406494141e+01 1.499515724182128906e+01 1.522577476501464844e+01 1.556413269042968750e+01 1.587195396423339844e+01 1.603840255737304688e+01 1.600295066833496094e+01 1.575663566589355469e+01 1.536121082305908203e+01 1.478446006774902344e+01 1.404735183715820312e+01 1.324101638793945312e+01 1.289728260040283203e+01 1.223945522308349609e+01 1.166997718811035156e+01 1.095747089385986328e+01 1.000608921051025391e+01 8.752145767211914062e+00 7.253862857818603516e+00 4.193330287933349609e+00 9.379328489303588867e-01 9.999999776482582092e-03 9.999999776482582092e-03 9.999999776482582092e-03 9.999999776482582092e-03 9.999999776482582092e-03 9.999999776482582092e-03 9.999999776482582092e-03 9.999999776482582092e-03 9.999999776482582092e-03 9.999999776482582092e-03 9.999999776482582092e-03 9.999999776482582092e-03 9.999999776482582092e-03 9.999999776482582092e-03 9.999999776482582092e-03
1.590081977844238281e+01 1.635232162475585938e+01 1.671482467651367188e+01 1.701480865478515625e+01 1.731118392944335938e+01 1.747561264038085938e+01 1.754745292663574219e+01 1.744725418090820312e+01 1.714556503295898438e+01 1.670881462097167969e+01 1.612317085266113281e+01 1.531182479858398438e+01 1.440772724151611328e+01 1.368458843231201172e+01 1.338927745819091797e+01 1.292635726928710938e+01 1.228033256530761719e+01 1.140631675720214844e+01 1.010959529876708984e+01 8.395179748535156250e+00 4.636756896972656250e+00 1.101769566535949707e+00 7.671588063240051270e-01 5.457891225814819336e-01 4.010813832283020020e-01 2.042080163955688477e-01 1.312734782695770264e-01 9.999999776482582092e-03 9.999999776482582092e-03 9.999999776482582092e-03 9.999999776482582092e-03 9.999999776482582092e-03 9.999999776482582092e-03 9.999999776482582092e-03 9.999999776482582092e-03 9.999999776482582092e-03 9.999999776482582092e-03
1.674035072326660156e+01 1.750163459777832031e+01 1.809638595581054688e+01 1.846590232849121094e+01 1.876941490173339844e+01 1.895384216308593750e+01 1.889909744262695312e+01 1.873797798156738281e+01 1.843418693542480469e+01 1.799585342407226562e+01 1.738417625427246094e+01 1.632617378234863281e+01 1.508764266967773438e+01 1.460056877136230469e+01 1.464659023284912109e+01 1.432295227050781250e+01 1.379230403900146484e+01 1.317301464080810547e+01 1.195467185974121094e+01 1.022095489501953125e+01 7.329725265502929688e+00 3.278173446655273438e+00 1.468752384185791016e+00 1.047248244285583496e+00 8.760444521903991699e-01 1.158061981201171875e+00 3.221666812896728516e-01 1.908504366874694824e-01 1.254409104585647583e-01 9.999999776482582092e-03 9.999999776482582092e-03 9.999999776482582092e-03 9.999999776482582092e-03 9.999999776482582092e-03 9.999999776482582092e-03 9.999999776482582092e-03 9.999999776482582092e-03
1.760371017456054688e+01 1.853005027770996094e+01 1.921887779235839844e+01 1.967609596252441406e+01 1.999265098571777344e+01 2.017685508728027344e+01 2.012237739562988281e+01 1.994866180419921875e+01 1.966470336914062500e+01 1.928742218017578125e+01 1.882683753967285156e+01 1.823779678344726562e+01 1.752821350097656250e+01 1.686775970458984375e+01 1.625512313842773438e+01 1.588594532012939453e+01 1.534912109375000000e+01 1.434907817840576172e+01 1.405596637725830078e+01 1.257254791259765625e+01 1.010911273956298828e+01 6.102616310119628906e+00 2.387172698974609375e+00 3.492996215820312500e+00 3.890725135803222656e+00 4.272793769836425781e+00 2.918354034423828125e+00 1.706421494483947754e+00 3.091070055961608887e-01 1.360224634408950806e-01 9.999999776482582092e-03 9.999999776482582092e-03 9.999999776482582092e-03 9.999999776482582092e-03 9.999999776482582092e-03 9.999999776482582092e-03 9.999999776482582092e-03
1.848455047607421875e+01 1.952428245544433594e+01 2.024119949340820312e+01 2.075590705871582031e+01 2.108093643188476562e+01 2.123276138305664062e+01 2.122437858581542969e+01 2.108042335510253906e+01 2.082934188842773438e+01 2.051844215393066406e+01 2.021362686157226562e+01 2.003490447998046875e+01 1.974637222290039062e+01 1.920249366760253906e+01 1.813019943237304688e+01 1.759093856811523438e+01 1.727373504638671875e+01 1.670683288574218750e+01 1.646961784362792969e+01 1.537480926513671875e+01 1.360745239257812500e+01 1.117863178253173828e+01 8.199390411376953125e+00 9.000501632690429688e+00 8.904911041259765625e+00 8.228941917419433594e+00 6.902971744537353516e+00 5.146642208099365234e+00 2.738680362701416016e+00 1.326018810272216797e+00 5.761285424232482910e-01 4.686174988746643066e-01 2.930369377136230469e-01 9.999999776482582092e-03 9.999999776482582092e-03 9.909903258085250854e-02 7.747779041528701782e-02
1.939060020446777344e+01 2.046723365783691406e+01 2.122455406188964844e+01 2.175179100036621094e+01 2.208330535888671875e+01 2.223748779296875000e+01 2.225827980041503906e+01 2.213722991943359375e+01 2.185490417480468750e+01 2.154567146301269531e+01 2.122564315795898438e+01 2.105830955505371094e+01 2.055276679992675781e+01 2.004095077514648438e+01 1.944067001342773438e+01 1.904072380065917969e+01 1.884408378601074219e+01 1.923705673217773438e+01 1.883529090881347656e+01 1.817336273193359375e+01 1.712728881835937500e+01 1.589856529235839844e+01 1.460109138488769531e+01 1.411320114135742188e+01 1.333149147033691406e+01 1.202012538909912109e+01 1.032056140899658203e+01 8.184169769287109375e+00 5.536612987518310547e+00 2.825219154357910156e+00 1.260358929634094238e+00 1.056585669517517090e+00 7.747852206230163574e-01 5.091539025306701660e-01 3.129778802394866943e-01 2.991917133331298828e-01 6.819615364074707031e-01
2.032611083984375000e+01 2.137955856323242188e+01 2.216261482238769531e+01 2.270057678222656250e+01 2.301488494873046875e+01 2.317713165283203125e+01 2.321920967102050781e+01 2.310869789123535156e+01 2.298378181457519531e+01 2.264438629150390625e+01 2.224040222167968750e+01 2.165719795227050781e+01 2.133122825622558594e+01 2.092573165893554688e+01 2.051441383361816406e+01 2.022983551025390625e+01 2.017903518676757812e+01 2.060314559936523438e+01 2.071162223815917969e+01 2.078657150268554688e+01 2.043965148925781250e+01 1.980494880676269531e+01 1.898185348510742188e+01 1.815038871765136719e+01 1.707194137573242188e+01 1.555346107482910156e+01 1.353884220123291016e+01 1.091832447052001953e+01 7.463880538940429688e+00 3.731345176696777344e+00 2.008493423461914062e+00 1.704467892646789551e+00 1.221751332283020020e+00 1.006100416183471680e+00 1.577451467514038086e+00 1.810728073120117188e+00 1.956990599632263184e+00
2.127729034423828125e+01 2.228291320800781250e+01 2.306179237365722656e+01 2.361618614196777344e+01 2.393391609191894531e+01 2.410525703430175781e+01 2.413972091674804688e+01 2.420117950439453125e+01 2.409012413024902344e+01 2.353413963317871094e+01 2.299731063842773438e+01 2.251259803771972656e+01 2.214727401733398438e+01 2.177635192871093750e+01 2.140981674194335938e+01 2.113123893737792969e+01 2.099412918090820312e+01 2.109242439270019531e+01 2.218041229248046875e+01 2.325835418701171875e+01 2.351467323303222656e+01 2.324808692932128906e+01 2.259409904479980469e+01 2.168102836608886719e+01 2.049000549316406250e+01 1.890056228637695312e+01 1.675246620178222656e+01 1.370405387878417969e+01 8.789105415344238281e+00 3.758478164672851562e+00 2.895607709884643555e+00 2.506007194519042969e+00 3.196602106094360352e+00 3.537370443344116211e+00 4.189611434936523438e+00 3.975651502609252930e+00 3.243717908859252930e+00
2.220635986328125000e+01 2.319375610351562500e+01 2.400846672058105469e+01 2.459101295471191406e+01 2.489081192016601562e+01 2.503395843505859375e+01 2.522360610961914062e+01 2.532987594604492188e+01 2.505196571350097656e+01 2.424298095703125000e+01 2.346880722045898438e+01 2.321947669982910156e+01 2.292387962341308594e+01 2.256658363342285156e+01 2.214693641662597656e+01 2.183202552795410156e+01 2.152549934387207031e+01 2.155651664733886719e+01 2.388021850585937500e+01 2.579533386230468750e+01 2.650701332092285156e+01 2.650783538818359375e+01 2.598150634765625000e+01 2.507468605041503906e+01 2.386087417602539062e+01 2.229760551452636719e+01 2.023832511901855469e+01 1.740069580078125000e+01 1.359398269653320312e+01 8.989748001098632812e+00 7.153067111968994141e+00 6.511006355285644531e+00 7.243466377258300781e+00 7.191125869750976562e+00 6.841093540191650391e+00 5.995825290679931641e+00 4.601690769195556641e+00
2.307028961181640625e+01 2.413720703125000000e+01 2.502058792114257812e+01 2.568183517456054688e+01 2.586040496826171875e+01 2.619375991821289062e+01 2.631334686279296875e+01 2.626783561706542969e+01 2.588424873352050781e+01 2.493757057189941406e+01 2.409603881835937500e+01 2.392476081848144531e+01 2.369761466979980469e+01 2.337633132934570312e+01 2.271959686279296875e+01 2.246310043334960938e+01 2.356329345703125000e+01 2.482770919799804688e+01 2.724347114562988281e+01 2.879872322082519531e+01 2.955069541931152344e+01 2.957953643798828125e+01 2.910460281372070312e+01 2.823792457580566406e+01 2.704553413391113281e+01 2.554469490051269531e+01 2.363488769531250000e+01 2.115086555480957031e+01 1.813855934143066406e+01 1.517833805084228516e+01 1.318616199493408203e+01 1.191635704040527344e+01 1.118010234832763672e+01 1.034356689453125000e+01 9.297038078308105469e+00 7.944533348083496094e+00 6.062710285186767578e+00
2.387904930114746094e+01 2.503629493713378906e+01 2.598803520202636719e+01 2.641208839416503906e+01 2.658552742004394531e+01 2.699961090087890625e+01 2.709712409973144531e+01 2.700606155395507812e+01 2.658079528808593750e+01 2.561088562011718750e+01 2.477885055541992188e+01 2.464120483398437500e+01 2.451053619384765625e+01 2.449609565734863281e+01 2.455343627929687500e+01 2.536177825927734375e+01 2.751254844665527344e+01 2.908352470397949219e+01 3.067580223083496094e+01 3.188158226013183594e+01 3.248254013061523438e+01 3.244243240356445312e+01 3.194988632202148438e+01 3.110118103027343750e+01 2.993660354614257812e+01 2.845501136779785156e+01 2.666225814819335938e+01 2.446651840209960938e+01 2.190413856506347656e+01 1.942012596130371094e+01 1.740361595153808594e+01 1.569515132904052734e+01 1.427836418151855469e+01 1.291613101959228516e+01 1.145891284942626953e+01 9.836662292480468750e+00 7.868358612060546875e+00
2.463575935363769531e+01 2.580033683776855469e+01 2.643964576721191406e+01 2.655204963684082031e+01 2.694985198974609375e+01 2.728701782226562500e+01 2.736209487915039062e+01 2.755023956298828125e+01 2.718657684326171875e+01 2.622631835937500000e+01 2.547784805297851562e+01 2.530120086669921875e+01 2.516131782531738281e+01 2.554159355163574219e+01 2.677382850646972656e+01 2.881226539611816406e+01 3.087781906127929688e+01 3.249927902221679688e+01 3.384777450561523438e+01 3.485068893432617188e+01 3.529735946655273438e+01 3.512485122680664062e+01 3.455694580078125000e+01 3.365839004516601562e+01 3.252705001831054688e+01 3.103952598571777344e+01 2.916699981689453125e+01 2.707332611083984375e+01 2.476091003417968750e+01 2.244942855834960938e+01 2.038697814941406250e+01 1.839575195312500000e+01 1.652019691467285156e+01 1.484524917602539062e+01 1.313968086242675781e+01 1.134234905242919922e+01 9.392404556274414062e+00
2.530859947204589844e+01 2.602621078491210938e+01 2.646678543090820312e+01 2.673428344726562500e+01 2.704789924621582031e+01 2.728223419189453125e+01 2.773538017272949219e+01 2.831304168701171875e+01 2.769173240661621094e+01 2.646566581726074219e+01 2.623684120178222656e+01 2.586986351013183594e+01 2.635896110534667969e+01 2.678927993774414062e+01 2.860366439819335938e+01 3.144319725036621094e+01 3.371057128906250000e+01 3.540298461914062500e+01 3.664585113525390625e+01 3.746606445312500000e+01 3.774594879150390625e+01 3.750460433959960938e+01 3.686737442016601562e+01 3.590661621093750000e+01 3.472359085083007812e+01 3.321621322631835938e+01 3.131775093078613281e+01 2.918386650085449219e+01 2.691537094116210938e+01 2.462530899047851562e+01 2.240162658691406250e+01 2.021339225769042969e+01 1.809219169616699219e+01 1.614967727661132812e+01 1.425512695312500000e+01 1.231840705871582031e+01 1.033283424377441406e+01
