Flo_py_wrkspace/raw_net_infiltration_clip.asc
ncols        75
nrows        75
xllcorner    530200.000000000000
yllcorner    8418325.000000000000
cellsize     100.000000000090
NODATA_value  -9999
[rows 22 to 43 of 75, columns 0 to 48 of 75]
0 0 0 0 0 0 0 0 0 0 0 0 0 0 0 0 0 0 60.490001678466796875 80.8899993896484375 79.8300018310546875 81.5 82.0800018310546875 83.6699981689453125 86.160003662109375 87.56999969482421875 148 90.65000152587890625 91.6699981689453125 92.51000213623046875 92.8899993896484375 93.43000030517578125 93.839996337890625 94.09999847412109375 93.839996337890625 93.90000152587890625 155.1100006103515625 155.05999755859375 95.3899993896484375 95.29000091552734375 94.73999786376953125 94.56999969482421875 96.45999908447265625 154.9900054931640625 97.01999664306640625 96.23000335693359375 96.01000213623046875 154.42999267578125 96.4499969482421875
0 0 0 0 0 0 0 0 0 0 0 0 0 0 0 0 0 0 62.439998626708984375 82.23999786376953125 137.2299957275390625 82.6100006103515625 83.48999786376953125 85.029998779296875 87.26999664306640625 88.69000244140625 91.01000213623046875 92.1699981689453125 154.2700042724609375 94.3600006103515625 94.089996337890625 94.5 155.8800048828125 156.0200042724609375 94.20999908447265625 94.25 94.34999847412109375 155.5399932861328125 95.23999786376953125 95.089996337890625 94.6100006103515625 94.40000152587890625 95.65000152587890625 95.30999755859375 95.1399993896484375 94.98999786376953125 94.8600006103515625 95.6399993896484375 153.1100006103515625
0 0 0 0 0 0 0 0 0 0 0 0 0 0 0 0 0 62.439998626708984375 136.80999755859375 83.9499969482421875 82.62000274658203125 84.26999664306640625 85.12000274658203125 86.660003662109375 88.910003662109375 90.3000030517578125 92.5800018310546875 154.2899932861328125 95 95.68000030517578125 95.29000091552734375 95.55999755859375 95.3899993896484375 95.4199981689453125 156.470001220703125 95.04000091552734375 95.1399993896484375 95.01999664306640625 93.5500030517578125 95.75 95.19000244140625 94.90000152587890625 95.9499969482421875 95.51999664306640625 95.29000091552734375 95.12000274658203125 95.01999664306640625 95.8899993896484375 153.339996337890625
0 0 0 0 0 0 0 0 0 0 0 62.09999847412109375 74.410003662109375 0 0 0 0 64.26000213623046875 81.910003662109375 83.62999725341796875 82.9499969482421875 84.5800018310546875 86.160003662109375 87.6999969482421875 89.65000152587890625 90.9499969482421875 93.40000152587890625 155.5 95.470001220703125 96.0500030517578125 95.6100006103515625 95.4199981689453125 95.09999847412109375 95.12999725341796875 156.850006103515625 94.720001220703125 93.84999847412109375 155.5800018310546875 150.5399932861328125 93.720001220703125 93.5500030517578125 93.18000030517578125 93.339996337890625 93.279998779296875 150.6300048828125 93.0800018310546875 92.970001220703125 150.7899932861328125 93.12999725341796875
0 0 0 0 0 0 0 0 67.12000274658203125 68.76999664306640625 71.29000091552734375 123.12999725341796875 76.0500030517578125 0 0 0 73.30999755859375 84.80999755859375 83.4199981689453125 142.6100006103515625 142.029998779296875 85.9499969482421875 87.529998779296875 209.4199981689453125 90.910003662109375 92.1100006103515625 94.44000244140625 95.29000091552734375 96.279998779296875 96.76000213623046875 96.23000335693359375 96.01000213623046875 95.720001220703125 95.79000091552734375 157.779998779296875 95.34999847412109375 94.3600006103515625 94.0800018310546875 91.910003662109375 91.55999755859375 93.70999908447265625 93.26000213623046875 93.29000091552734375 93.160003662109375 92.76999664306640625 92.8000030517578125 92.6699981689453125 92.93000030517578125 92.87000274658203125
0 0 0 0 0 0 0 0 68.76000213623046875 70.43000030517578125 72.23999786376953125 124.73000335693359375 76.34999847412109375 78.04000091552734375 79.3600006103515625 81.089996337890625 79.529998779296875 81.20999908447265625 80.69000244140625 140.3300018310546875 83.55999755859375 85.09999847412109375 87.3000030517578125 88.6999969482421875 90.5500030517578125 91.589996337890625 93.19000244140625 93.910003662109375 94.1399993896484375 94.48999786376953125 94.279998779296875 94.05999755859375 93.76000213623046875 93.87999725341796875 93.06999969482421875 92.94000244140625 91.4499969482421875 147.6100006103515625 92.6399993896484375 97.51999664306640625 99.73999786376953125 99.220001220703125 99.23000335693359375 98.4499969482421875 98 97.43000030517578125 94.3600006103515625 93.410003662109375 147.410003662109375
0 0 0 0 0 0 0 0 0 72.0500030517578125 73.79000091552734375 75.45999908447265625 77.87000274658203125 79.54000091552734375 78.06999969482421875 82.529998779296875 80.9199981689453125 139.660003662109375 81.9499969482421875 83.48000335693359375 84.79000091552734375 86.220001220703125 88.3300018310546875 150.470001220703125 91.339996337890625 92.26000213623046875 93.73999786376953125 94.34999847412109375 94.45999908447265625 157.0500030517578125 94.37999725341796875 94.51999664306640625 93.8899993896484375 156.2899932861328125 93.12999725341796875 92.93000030517578125 91.43000030517578125 96.3300018310546875 97.73999786376953125 97.1999969482421875 99.31999969482421875 98.720001220703125 98.660003662109375 97.8600006103515625 97.3300018310546875 96.720001220703125 96.4499969482421875 95.470001220703125 95.45999908447265625
0 0 0 0 0 0 0 0 124.44000244140625 73.48000335693359375 73.970001220703125 75.589996337890625 74.98000335693359375 76.56999969482421875 75.6399993896484375 77.19000244140625 77.75 79.3000030517578125 82.4499969482421875 83.98999786376953125 141.2299957275390625 87.94000244140625 90.029998779296875 91.19000244140625 92.8300018310546875 93.6999969482421875 93.910003662109375 94.3300018310546875 94.26999664306640625 94.3600006103515625 94.15000152587890625 99.6100006103515625 99.1100006103515625 93.8300018310546875 151.1199951171875 99.5800018310546875 101.73999786376953125 101.220001220703125 104.20999908447265625 103.55999755859375 104.660003662109375 103.9499969482421875 103.05999755859375 101.59999847412109375 101.029998779296875 100.1100006103515625 99.76999664306640625 98.5 98.48999786376953125
0 0 0 0 0 0 0 76 76.6999969482421875 78.339996337890625 75.37000274658203125 77 76.339996337890625 77.87999725341796875 76.8899993896484375 130.1300048828125 83.6999969482421875 85.23999786376953125 88.4499969482421875 89.93000030517578125 92.5500030517578125 93.8600006103515625 95.87999725341796875 96.970001220703125 98.5800018310546875 99.3300018310546875 99.470001220703125 99.87000274658203125 99.62000274658203125 99.6100006103515625 99.279998779296875 99.31999969482421875 99.12999725341796875 98.70999908447265625 99.279998779296875 99.01999664306640625 101.12999725341796875 100.5500030517578125 103.44000244140625 102.660003662109375 103.6699981689453125 102.910003662109375 90.73999786376953125 100.51000213623046875 99.90000152587890625 98.94000244140625 98.5500030517578125 97.23999786376953125 97.26000213623046875
0 0 0 0 0 73.75 74.80999755859375 76.44000244140625 76.3899993896484375 78 76.20999908447265625 74.4199981689453125 73.30999755859375 74.73999786376953125 78.720001220703125 84.95999908447265625 90.26999664306640625 91.84999847412109375 94.70999908447265625 96.1699981689453125 97.75 99.029998779296875 100.73000335693359375 101.75 102.75 103.4199981689453125 103.37000274658203125 103.62999725341796875 102.8899993896484375 102.73000335693359375 102.55999755859375 102.470001220703125 102.8300018310546875 102.25 102.93000030517578125 102.5800018310546875 104.37999725341796875 103.68000030517578125 105.25 104.37999725341796875 103.4499969482421875 102.62999725341796875 120.87999725341796875 95.3600006103515625 108.9499969482421875 106.06999969482421875 99.65000152587890625 97.23000335693359375 97.279998779296875
0 0 0 0 122.44000244140625 75.3300018310546875 76.3000030517578125 129.5200042724609375 77.81999969482421875 79.3600006103515625 77.51999664306640625 79.06999969482421875 74.51000213623046875 80.56999969482421875 84.59999847412109375 86.12000274658203125 91.4199981689453125 92.94000244140625 95.75 97.1399993896484375 98.6399993896484375 99.80999755859375 101.4499969482421875 102.37000274658203125 103.220001220703125 103.8000030517578125 103.62999725341796875 103.76999664306640625 102.8899993896484375 102.62999725341796875 102.31999969482421875 102.089996337890625 102.26000213623046875 101.55999755859375 102.09999847412109375 101.62999725341796875 103.26999664306640625 103.1399993896484375 104.6399993896484375 92.09999847412109375 96.01999664306640625 97.6999969482421875 58.4199981689453125 56.200000762939453125 59.189998626708984375 59.8300018310546875 115.1699981689453125 102.26999664306640625 97.68000030517578125
0 0 0 52.970001220703125 74.68000030517578125 76.29000091552734375 76.3600006103515625 77.90000152587890625 76.44000244140625 77.93000030517578125 76.30999755859375 77.76999664306640625 83.839996337890625 85.30999755859375 92.029998779296875 93.6100006103515625 97.279998779296875 91.80999755859375 99.55999755859375 100.9199981689453125 102.089996337890625 93.59999847412109375 97.90000152587890625 95.839996337890625 105.6699981689453125 106.0800018310546875 105.589996337890625 105.59999847412109375 104.8899993896484375 104.45999908447265625 104.09999847412109375 103.68000030517578125 103.87000274658203125 103.3899993896484375 102.9499969482421875 102.95999908447265625 105.70999908447265625 97.8300018310546875 92.3600006103515625 112.12000274658203125 115.910003662109375 0 0 0 0 0 0 27.469999313354492188 49.840000152587890625
0 0 0 125.089996337890625 76.1699981689453125 77.75 129.279998779296875 79.26999664306640625 130.6300048828125 79.20999908447265625 77.51999664306640625 83.529998779296875 88.40000152587890625 86.48999786376953125 95.23000335693359375 97.4199981689453125 96.01999664306640625 95.04000091552734375 101.87000274658203125 99.37000274658203125 100.94000244140625 107.18000030517578125 108.93000030517578125 100.70999908447265625 107.62000274658203125 107.98999786376953125 108 107.9199981689453125 106.37000274658203125 104.44000244140625 123.23999786376953125 95.98000335693359375 104.55999755859375 103.90000152587890625 96.23999786376953125 100.26999664306640625 113.81999969482421875 39.770000457763671875 55.59999847412109375 0 0 0 0 0 0 0 0 0 0
0 0 0 77.279998779296875 77.73000335693359375 79.29000091552734375 78.56999969482421875 80.029998779296875 77.410003662109375 128.7899932861328125 80.29000091552734375 86.37000274658203125 93.970001220703125 85.01000213623046875 113.720001220703125 109.12999725341796875 111.44000244140625 35.95999908447265625 125.220001220703125 115.279998779296875 117.25 123.73999786376953125 124.089996337890625 120.23999786376953125 117.48000335693359375 56.59999847412109375 119.19000244140625 117.6100006103515625 119.01999664306640625 122.3899993896484375 115.220001220703125 120.470001220703125 114.589996337890625 54.259998321533203125 51.220001220703125 52.200000762939453125 51.1699981689453125 53.45999908447265625 0 0 0 0 0 0 0 0 0 0 0
0 75.410003662109375 77.25 78.8300018310546875 79.23999786376953125 132.7400054931640625 79.970001220703125 81.3899993896484375 78.720001220703125 80.1399993896484375 86.29000091552734375 87.720001220703125 95.37999725341796875 97.48000335693359375 93 93.75 110.1399993896484375 116.29000091552734375 114.44000244140625 113.19000244140625 112.48999786376953125 113.65000152587890625 0 0 0 0 0 0 0 52.20999908447265625 54.5 56.119998931884765625 55.060001373291015625 52.689998626708984375 27.489999771118164063 28.350000381469726563 27.920000076293945313 0 0 0 0 0 0 0 0 0 0 0 0
75.44000244140625 77.0800018310546875 78.410003662109375 79.98000335693359375 80.48999786376953125 81.95999908447265625 80.59999847412109375 135.9600067138671875 79.5 80.93000030517578125 141.339996337890625 91.529998779296875 99.62000274658203125 101.69000244140625 95.4499969482421875 108.95999908447265625 109.73999786376953125 52.990001678466796875 113.8600006103515625 91.70999908447265625 90.339996337890625 114.3000030517578125 0 0 0 0 0 0 0 0 0 0 0 0 0 0 0 0 0 0 0 0 0 0 0 0 0 0 0
77.089996337890625 78.73000335693359375 80.01999664306640625 81.5800018310546875 82.05999755859375 136.8300018310546875 82.160003662109375 83.62000274658203125 81.05999755859375 82.529998779296875 91.80999755859375 93.26999664306640625 101.44000244140625 104.81999969482421875 113.37999725341796875 122.59999847412109375 112.23999786376953125 119.62999725341796875 56.560001373291015625 48.81999969482421875 91.79000091552734375 52.950000762939453125 0 0 0 0 0 0 0 0 0 0 0 0 0 0 0 0 0 0 0 0 0 0 0 0 0 0 0
77.9499969482421875 79.55999755859375 81.1699981689453125 82.70999908447265625 82.5800018310546875 84.06999969482421875 136.55999755859375 139.5800018310546875 82.98999786376953125 84.45999908447265625 96.81999969482421875 98.29000091552734375 104.98999786376953125 107.70999908447265625 116.73999786376953125 64.05999755859375 120.15000152587890625 56.09999847412109375 124.76000213623046875 125.94000244140625 56.43000030517578125 56 53.509998321533203125 127.5 54.43000030517578125 0 0 0 0 0 0 0 0 0 0 0 0 0 0 0 0 0 0 0 0 0 0 0 0
79.720001220703125 81.279998779296875 135.8000030517578125 84.43000030517578125 138.399993896484375 85.8600006103515625 83.529998779296875 85.06999969482421875 84.81999969482421875 91.23000335693359375 98.73000335693359375 100.23000335693359375 106.970001220703125 97.23000335693359375 117.470001220703125 121.51000213623046875 124.15000152587890625 177.4199981689453125 182.970001220703125 110.26000213623046875 110.51999664306640625 129.8600006103515625 119.089996337890625 119.76000213623046875 119.26999664306640625 118.01000213623046875 117.98000335693359375 0 0 0 0 0 0 0 0 0 0 0 0 0 0 0 0 0 0 0 0 0 0
80.9499969482421875 82.5500030517578125 136.7299957275390625 84.56999969482421875 83.01999664306640625 196.970001220703125 83.5800018310546875 85.09999847412109375 95.48999786376953125 97.0500030517578125 104.279998779296875 105.73000335693359375 109.8000030517578125 113.720001220703125 117.56999969482421875 55.3300018310546875 157.649993896484375 102.30999755859375 101.839996337890625 110.8600006103515625 110.25 110.3300018310546875 103.93000030517578125 127.09999847412109375 97.1699981689453125 102.5 102.87999725341796875 103.06999969482421875 117.12999725341796875 52.119998931884765625 0 0 0 0 0 0 0 0 0 0 0 0 0 0 0 0 0 0 0
82.8300018310546875 84.40000152587890625 84.910003662109375 86.470001220703125 84.9199981689453125 86.48999786376953125 85.4499969482421875 91.98999786376953125 97.529998779296875 99.06999969482421875 106.34999847412109375 107.76000213623046875 111.75 116.3300018310546875 58.220001220703125 55.29000091552734375 166.4900054931640625 109.98000335693359375 103.98000335693359375 112.339996337890625 111.51999664306640625 111.31999969482421875 127.59999847412109375 104.48000335693359375 104 108.8899993896484375 106.54000091552734375 102.8000030517578125 123.98999786376953125 120.44000244140625 51.5800018310546875 50.279998779296875 0 0 0 48.189998626708984375 23.979999542236328125 23.200000762939453125 22.5 45.979999542236328125 46.04000091552734375 44.869998931884765625 0 0 0 0 0 0 0
83.589996337890625 139.7400054931640625 84.470001220703125 86 85.43000030517578125 87.01999664306640625 96.220001220703125 97.8600006103515625 105 106.54000091552734375 110.68000030517578125 112.68000030517578125 95.59999847412109375 126.95999908447265625 55.279998779296875 122.04000091552734375 178.2400054931640625 237.350006103515625 176.25 176.8899993896484375 112.73999786376953125 112.3300018310546875 111.1699981689453125 169.899993896484375 166.92999267578125 107.26000213623046875 106.09999847412109375 104.839996337890625 106.25 128.57000732421875 119.34999847412109375 51.630001068115234375 50.259998321533203125 0 48.15000152587890625 66.44000244140625 48.6100006103515625 103.779998779296875 101.12000274658203125 95.73999786376953125 45.06999969482421875 72.410003662109375 0 0 0 0 0 0 0
