Flo_py_wrkspace/raw_net_infiltration_clip.asc
ncols        75
nrows        75
xllcorner    530200.000000000000
yllcorner    8418325.000000000000
cellsize     100.000000000090
NODATA_value  -9999
[rows 44 to 65 of 75, columns 0 to 48 of 75]
85.62000274658203125 87.19000244140625 86.470001220703125 88.01000213623046875 87.43000030517578125 94.05999755859375 98.34999847412109375 99.95999908447265625 107.12000274658203125 108.6699981689453125 112.76000213623046875 100.1399993896484375 120.529998779296875 122.470001220703125 98.23999786376953125 181.69000244140625 103.660003662109375 122.04000091552734375 118.55999755859375 118.70999908447265625 113.910003662109375 113.3899993896484375 171.9799957275390625 171.25 168.30999755859375 108.01999664306640625 106.779998779296875 105.37999725341796875 106.76999664306640625 119.8600006103515625 56.40000152587890625 55.689998626708984375 50.279998779296875 105.5 50.060001373291015625 113.48000335693359375 113.43000030517578125 103.970001220703125 100.37000274658203125 44.1100006103515625 44.09999847412109375 0 0 0 0 0 0 0 0
86.48000335693359375 88.05999755859375 88.37999725341796875 89.94000244140625 87.15000152587890625 88.69000244140625 103.5800018310546875 105.1699981689453125 110.45999908447265625 111.9199981689453125 101.56999969482421875 100.51000213623046875 125.910003662109375 123.12000274658203125 124.26999664306640625 102.589996337890625 105.029998779296875 123.73999786376953125 110.4199981689453125 109.1699981689453125 108.76999664306640625 115.15000152587890625 111.23999786376953125 110.70999908447265625 108.70999908447265625 107.81999969482421875 109.87999725341796875 108.37000274658203125 132.160003662109375 50.29000091552734375 53.8899993896484375 53.799999237060546875 51.68000030517578125 108.23000335693359375 108.80999755859375 95.84999847412109375 111.220001220703125 93.29000091552734375 96.06999969482421875 44.450000762939453125 94.0500030517578125 0 0 0 0 0 0 0 0
83.73999786376953125 85.26999664306640625 85.51000213623046875 87 89.18000030517578125 90.68000030517578125 105.79000091552734375 107.31999969482421875 112.56999969482421875 113.95999908447265625 105.23000335693359375 106.56999969482421875 130.5500030517578125 135.05999755859375 122.8000030517578125 174.17999267578125 110.98999786376953125 112.089996337890625 114.94000244140625 122.59999847412109375 120.5 119.8600006103515625 112.30999755859375 111.76000213623046875 109.69000244140625 108.73000335693359375 110.75 109.1699981689453125 132.92999267578125 131.4900054931640625 114.6399993896484375 112.01999664306640625 108.30999755859375 108.8000030517578125 118.55999755859375 88.8300018310546875 105.3600006103515625 92.44000244140625 45.0800018310546875 65.339996337890625 89.5 0 0 0 0 0 0 0 0
88.1100006103515625 89.70999908447265625 90.80999755859375 92.279998779296875 93.720001220703125 95.19000244140625 108.05999755859375 109.51000213623046875 114.43000030517578125 115.76000213623046875 123.29000091552734375 128.720001220703125 183.649993896484375 122.589996337890625 108.660003662109375 123.410003662109375 111.12000274658203125 111.3000030517578125 123.55999755859375 123.470001220703125 121.37999725341796875 120.70999908447265625 116.26000213623046875 112.1100006103515625 110.95999908447265625 109.970001220703125 111.48999786376953125 132.7100067138671875 108.970001220703125 107.5 98.15000152587890625 112.25 108.70999908447265625 88.970001220703125 94.44000244140625 89.70999908447265625 105.220001220703125 97.51999664306640625 44.950000762939453125 63.43000030517578125 44.59999847412109375 0 0 0 0 0 0 0 0
90.279998779296875 91.87999725341796875 92.93000030517578125 94.37999725341796875 95.76000213623046875 164.9600067138671875 99.15000152587890625 111.5500030517578125 116.44000244140625 105.410003662109375 133.7100067138671875 128.69000244140625 104.8600006103515625 124.1699981689453125 123.40000152587890625 124.029998779296875 123.9499969482421875 124.56999969482421875 124.56999969482421875 112.970001220703125 122.4199981689453125 121.76000213623046875 117.26999664306640625 113.05999755859375 111.87000274658203125 110.839996337890625 112.37000274658203125 135.0800018310546875 111.3000030517578125 109.0800018310546875 107.40000152587890625 121.37000274658203125 101.23999786376953125 98.51000213623046875 92.70999908447265625 89.8899993896484375 88.56999969482421875 45.159999847412109375 89.40000152587890625 43.9199981689453125 47.0800018310546875 92.95999908447265625 0 0 0 0 0 0 0
95.59999847412109375 97.20999908447265625 98.20999908447265625 99.6699981689453125 99.62999725341796875 100.98000335693359375 101.089996337890625 102.26000213623046875 117.48000335693359375 107.470001220703125 131.5200042724609375 127.23999786376953125 114.76999664306640625 125.339996337890625 123.76000213623046875 124.20999908447265625 185.589996337890625 124.30999755859375 124.720001220703125 113.84999847412109375 122.720001220703125 122.12000274658203125 117.45999908447265625 116.76999664306640625 113.34999847412109375 112.29000091552734375 135.4600067138671875 179.7700042724609375 168.089996337890625 107.43000030517578125 104.970001220703125 102.37000274658203125 98.59999847412109375 95.81999969482421875 93.4499969482421875 90.51999664306640625 101.93000030517578125 102.3300018310546875 78.12000274658203125 97.25 96.3600006103515625 96.4199981689453125 0 0 0 0 0 0 0
100.45999908447265625 100.05999755859375 100.37999725341796875 101.779998779296875 101.68000030517578125 102.95999908447265625 102.93000030517578125 104.01999664306640625 133.92999267578125 112.43000030517578125 112.51000213623046875 137.8300018310546875 107.59999847412109375 188.8699951171875 124.970001220703125 125.26000213623046875 126.6699981689453125 127.62999725341796875 125.279998779296875 125.29000091552734375 185.7599945068359375 122.94000244140625 118.26999664306640625 117.529998779296875 114.0500030517578125 182.600006103515625 105.19000244140625 103.73000335693359375 110.37000274658203125 108.18000030517578125 105.70999908447265625 167.1300048828125 99.18000030517578125 96.339996337890625 93.81999969482421875 90.70999908447265625 88.98999786376953125 85.6699981689453125 82.73999786376953125 79.839996337890625 76 94.5 58.840000152587890625 41.439998626708984375 39.6399993896484375 0 0 0 0
96.05999755859375 95.4499969482421875 106.4199981689453125 106.51000213623046875 105.73999786376953125 106.94000244140625 105.01999664306640625 166.1199951171875 142.6399993896484375 134.7100067138671875 136.44000244140625 134.6699981689453125 130.5200042724609375 127.51999664306640625 126.1999969482421875 126.339996337890625 125.48999786376953125 125.5500030517578125 122.59999847412109375 122.62000274658203125 119.6100006103515625 119.25 116.94000244140625 116.160003662109375 107.3000030517578125 106.3000030517578125 106.410003662109375 105.01000213623046875 103.06999969482421875 101.12999725341796875 98.339996337890625 95.910003662109375 93.34999847412109375 90.62000274658203125 88.1399993896484375 91.30999755859375 87.6699981689453125 84.220001220703125 80.62000274658203125 77.6999969482421875 75.6399993896484375 63.479999542236328125 43.15000152587890625 110.04000091552734375 65.76999664306640625 87.8300018310546875 84.90000152587890625 0 0
71.09999847412109375 184.19000244140625 232.6100006103515625 108.529998779296875 107.6399993896484375 108.76000213623046875 106.73999786376953125 107.660003662109375 121.5800018310546875 122.339996337890625 113.84999847412109375 121.51000213623046875 128.470001220703125 128.0099945068359375 127.23000335693359375 127.23000335693359375 124.8600006103515625 124.75 122.95999908447265625 122.90000152587890625 182.529998779296875 119.62999725341796875 108.75 105.98999786376953125 107.65000152587890625 106.6100006103515625 106.73000335693359375 105.410003662109375 103.5500030517578125 101.6699981689453125 98.9199981689453125 96.51000213623046875 93.910003662109375 91.05999755859375 88.43000030517578125 85.23000335693359375 81.660003662109375 78.48999786376953125 75.05999755859375 77.589996337890625 68.3899993896484375 62.479999542236328125 62.340000152587890625 65.51000213623046875 62.3899993896484375 85.09999847412109375 81.4499969482421875 0 0
128.2100067138671875 187.80999755859375 97.589996337890625 112.529998779296875 111.54000091552734375 111.95999908447265625 109.19000244140625 110.029998779296875 121.70999908447265625 122.40000152587890625 115.40000152587890625 125.30999755859375 127.55999755859375 127.660003662109375 127.98000335693359375 127.87000274658203125 123.73999786376953125 123.529998779296875 119.84999847412109375 191.42999267578125 119.87000274658203125 110.79000091552734375 113.3899993896484375 110.6100006103515625 111.160003662109375 110.06999969482421875 108.779998779296875 107.470001220703125 105.90000152587890625 104.05999755859375 102.1699981689453125 99.720001220703125 97.04000091552734375 94 90.589996337890625 87.19000244140625 72.95999908447265625 79.62999725341796875 75.98000335693359375 73.1699981689453125 74.93000030517578125 72.40000152587890625 64.45999908447265625 61.450000762939453125 54.380001068115234375 77.0800018310546875 0 0 0
94.29000091552734375 115.5500030517578125 116.44000244140625 101.720001220703125 102.160003662109375 113.59999847412109375 110.70999908447265625 111.48000335693359375 110.8899993896484375 123.76000213623046875 126.25 126.48999786376953125 128.6399993896484375 128.649993896484375 128.910003662109375 128.75 124.55999755859375 124.29000091552734375 120.48999786376953125 111.1999969482421875 111.3000030517578125 110.970001220703125 113.529998779296875 110.76000213623046875 111.279998779296875 110.1699981689453125 108.81999969482421875 107.51000213623046875 105.98999786376953125 104.220001220703125 102.31999969482421875 99.81999969482421875 97.0800018310546875 94.0500030517578125 90.55999755859375 89.19000244140625 74.87999725341796875 81.0500030517578125 78.69000244140625 73.220001220703125 69.90000152587890625 67.48999786376953125 84.4499969482421875 76.8300018310546875 75.339996337890625 0 0 0 0
109.79000091552734375 98.8000030517578125 100.93000030517578125 116.720001220703125 102.6399993896484375 115.660003662109375 113.51999664306640625 114.1999969482421875 111.15000152587890625 124.06999969482421875 124.470001220703125 187.8899993896484375 127.410003662109375 127.37000274658203125 126.910003662109375 126.73000335693359375 122.970001220703125 122.65000152587890625 113.839996337890625 113.3899993896484375 115.73000335693359375 115.25 112.30999755859375 111.51000213623046875 180.3899993896484375 178.7599945068359375 108.15000152587890625 106.79000091552734375 106.59999847412109375 87.970001220703125 86.910003662109375 125.90000152587890625 100.5500030517578125 96.089996337890625 92.6100006103515625 91.95999908447265625 85.18000030517578125 82.62999725341796875 64.8600006103515625 75.65000152587890625 59.950000762939453125 60.090000152587890625 48.06999969482421875 23.3600006103515625 0 0 0 0 0
111.5500030517578125 112.87999725341796875 100.5800018310546875 102.01999664306640625 116.25 117.05999755859375 190.6999969482421875 115.37000274658203125 112.1999969482421875 125.15000152587890625 125.45999908447265625 125.5 128.279998779296875 128.19000244140625 127.68000030517578125 127.48000335693359375 123.6699981689453125 114.05999755859375 114.3000030517578125 113.73999786376953125 115.9199981689453125 115.23999786376953125 112.15000152587890625 182.7299957275390625 108.95999908447265625 107.6999969482421875 107.59999847412109375 175.3800048828125 105.87000274658203125 104.06999969482421875 169.839996337890625 101.720001220703125 103.30999755859375 97.6100006103515625 115.73000335693359375 98.48999786376953125 94.3600006103515625 106.05999755859375 22.600000381469726563 76.279998779296875 63.299999237060546875 82.5800018310546875 0 0 0 0 0 0 0
112.44000244140625 113.6699981689453125 113.95999908447265625 114.98000335693359375 116 116.6999969482421875 191.470001220703125 115.37999725341796875 111.48999786376953125 124.470001220703125 124.51999664306640625 124.5 127.529998779296875 127.4199981689453125 127.44000244140625 127.1699981689453125 126.70999908447265625 108.98000335693359375 117.6100006103515625 116.95999908447265625 115.160003662109375 114.30999755859375 108.40000152587890625 107.40000152587890625 106.470001220703125 105.1399993896484375 105.9499969482421875 104.34999847412109375 104.04000091552734375 102.18000030517578125 101.55999755859375 99.18000030517578125 78.8899993896484375 101.29000091552734375 76.6100006103515625 94.1399993896484375 45.93000030517578125 44.270000457763671875 46.630001068115234375 44.3600006103515625 80.5500030517578125 0 0 0 0 0 0 0 0
113.93000030517578125 115.05999755859375 115.25 116.1699981689453125 193.839996337890625 117.73000335693359375 115.8300018310546875 116.1999969482421875 112.18000030517578125 125.1699981689453125 125.15000152587890625 125.09999847412109375 128.1199951171875 127.98000335693359375 266.649993896484375 127.62999725341796875 117.73999786376953125 117.23000335693359375 108.410003662109375 107.5500030517578125 179.1399993896484375 112.160003662109375 108.15000152587890625 110.87999725341796875 109.80999755859375 108.37000274658203125 105.29000091552734375 103.5800018310546875 103.12999725341796875 101.19000244140625 100.5800018310546875 162.5099945068359375 97.45999908447265625 118.1699981689453125 152.8300018310546875 90.9199981689453125 95.25 48.759998321533203125 65.1999969482421875 42.8899993896484375 0 0 0 0 0 0 0 0 0
113.4499969482421875 114.48000335693359375 111.779998779296875 112.5800018310546875 111.73999786376953125 112.26000213623046875 111.23999786376953125 111.48999786376953125 111.40000152587890625 124.55999755859375 126.65000152587890625 126.3899993896484375 192.089996337890625 192.0800018310546875 127.94000244140625 118.160003662109375 109.81999969482421875 109.12999725341796875 108.3000030517578125 107.31999969482421875 106.23000335693359375 104.75 110.23999786376953125 108.98000335693359375 110.94000244140625 109.3899993896484375 108.470001220703125 106.62999725341796875 101.68000030517578125 99.69000244140625 98.8300018310546875 96.5500030517578125 94.26000213623046875 91.62999725341796875 87.81999969482421875 142.0399932861328125 82.80999755859375 80.59999847412109375 126.55999755859375 81.0800018310546875 84.0500030517578125 0 0 0 0 0 0 0 0
114.56999969482421875 115.51000213623046875 189.5200042724609375 113.37000274658203125 125.3600006103515625 112.87000274658203125 111.75 125.0500030517578125 124.93000030517578125 124.9199981689453125 126.970001220703125 126.839996337890625 127.529998779296875 127.30999755859375 118.6100006103515625 184.2100067138671875 109.660003662109375 108.87999725341796875 180.80999755859375 174.8000030517578125 109.56999969482421875 177.3800048828125 109.779998779296875 108.44000244140625 110.3000030517578125 108.6699981689453125 107.68000030517578125 105.76999664306640625 104.34999847412109375 98.720001220703125 97.80999755859375 95.5500030517578125 93.31999969482421875 90.75 146.5200042724609375 84.20999908447265625 80.8000030517578125 77.98999786376953125 76.5800018310546875 74.48999786376953125 110.6399993896484375 37.4199981689453125 0 0 0 0 0 0 0
110.15000152587890625 110.98000335693359375 108.4499969482421875 121.94000244140625 123.20999908447265625 123.62000274658203125 124.98999786376953125 125.15000152587890625 128.410003662109375 128.3300018310546875 129.67999267578125 129.4900054931640625 127.970001220703125 127.6999969482421875 110.55999755859375 109.9499969482421875 109.23999786376953125 108.3899993896484375 107.3899993896484375 110.12000274658203125 113.09999847412109375 109.90000152587890625 111.4499969482421875 110.04000091552734375 110.51999664306640625 108.79000091552734375 106.98999786376953125 105.029998779296875 103.37000274658203125 101.19000244140625 98.8600006103515625 93.25 148.5 87.8300018310546875 84.48999786376953125 81.8000030517578125 130.4900054931640625 75.75 73.1100006103515625 70.4199981689453125 68.1699981689453125 58.3899993896484375 82.9199981689453125 22.809999465942382813 0 0 0 0 0
110.79000091552734375 111.529998779296875 121.80999755859375 122.37000274658203125 123.54000091552734375 123.84999847412109375 125.15000152587890625 125.23000335693359375 128.410003662109375 128.2599945068359375 129.5399932861328125 129.2700042724609375 127.6999969482421875 127.37000274658203125 119.6100006103515625 118.90000152587890625 118.029998779296875 117.05999755859375 110.4499969482421875 112.8000030517578125 110.3600006103515625 109.15000152587890625 110.62000274658203125 109.1399993896484375 109.55999755859375 107.8000030517578125 105.94000244140625 103.910003662109375 164.100006103515625 100.01000213623046875 97.69000244140625 95.3600006103515625 92.3600006103515625 89.839996337890625 86.5 83.779998779296875 80.44000244140625 77.660003662109375 72.339996337890625 69.69000244140625 67.48999786376953125 112.54000091552734375 59.520000457763671875 56.06999969482421875 77.15000152587890625 0 0 0 0
107.76000213623046875 121.26999664306640625 123.589996337890625 124.0500030517578125 127.3300018310546875 127.55999755859375 129.44000244140625 129.44000244140625 130.9900054931640625 130.779998779296875 130.149993896484375 194.589996337890625 128.57000732421875 128.19000244140625 118.73999786376953125 117.95999908447265625 117.029998779296875 115.9499969482421875 114.75 107.98999786376953125 112.19000244140625 110.87000274658203125 110.8000030517578125 109.26999664306640625 108.09999847412109375 106.30999755859375 104.48999786376953125 102.410003662109375 100.660003662109375 98.44000244140625 96.25 93.970001220703125 91.160003662109375 88.6999969482421875 85.69000244140625 83.029998779296875 79.95999908447265625 77.20999908447265625 73.8300018310546875 71.1399993896484375 65.160003662109375 62.79000091552734375 103.779998779296875 57.90000152587890625 56.159999847412109375 0 0 0 0
107.90000152587890625 121.339996337890625 123.56999969482421875 123.95999908447265625 127.1399993896484375 127.30999755859375 129.100006103515625 129.0099945068359375 130.5 130.2100067138671875 129.5099945068359375 129.0800018310546875 127.76999664306640625 127.34999847412109375 125.1999969482421875 116.720001220703125 115.720001220703125 114.59999847412109375 113.29000091552734375 106.56999969482421875 111.0500030517578125 109.6699981689453125 109.5500030517578125 107.970001220703125 106.75 104.94000244140625 103.06999969482421875 100.970001220703125 99.20999908447265625 96.98999786376953125 94.80999755859375 92.55999755859375 89.8000030517578125 87.37000274658203125 84.4199981689453125 81.8600006103515625 80.160003662109375 66.45999908447265625 72.76000213623046875 70.15000152587890625 66.62000274658203125 64.220001220703125 48.8600006103515625 49.43000030517578125 35.700000762939453125 0 0 0 0
121.55999755859375 122.12999725341796875 124.98000335693359375 125.31999969482421875 191.7700042724609375 127.660003662109375 129.7400054931640625 193.80999755859375 130.660003662109375 130.279998779296875 130.4499969482421875 129.9499969482421875 129.9900054931640625 129.4900054931640625 126.62000274658203125 189.4799957275390625 121.1100006103515625 120.12999725341796875 111.6100006103515625 104.62000274658203125 110.75 109.339996337890625 109.45999908447265625 107.80999755859375 106.23999786376953125 104.34999847412109375 102.62999725341796875 100.5 98.25 96.029998779296875 93.470001220703125 91.25 88.23999786376953125 85.84999847412109375 83.26999664306640625 80.720001220703125 185.6399993896484375 90.089996337890625 70.0800018310546875 72.660003662109375 66.3600006103515625 64.01000213623046875 47.84999847412109375 79.87999725341796875 0 0 0 0 0
