Data/Raw/GIS/Recharge/Climate_scenarios/workspace/final_net_infil_4p5.asc
ncols         700
nrows         400
xllcorner     514975
yllcorner     8408975
cellsize      50
NODATA_value  -9999
[rows 248 to 278 of 400, columns 70 to 139 of 700]
83.34042 84.01315 81.81174 85.10181 85.10181 85.79707 85.3756 85.30855 85.93442 86.56028 86.18064 86.80669 87.15324 87.7681 87.08451 87.65427 88.23522 88.79381 90.06419 90.63387 91.17003 91.71736 92.33295 92.84671 93.20412 93.69555 95.11462 95.19299 95.69677 95.47286 96.70313 96.40231 96.88138 97.36044 98.07764 98.46326 98.82684 99.20143 121.8746 100.8781 114.9104 108.2854 109.6009 110.2161 111.4778 101.4835 101.2672 101.7579 102.2485 102.3684 103.068 103.5259 130.9057 131.2332 156.2085 104.2816 104.6832 105.0739 105.1975 105.5768 105.9452 105.9452 107.3967 107.7332 107.9178 121.0821 110.0598 110.3431 110.6046 132.2997
83.69921 83.49739 83.89071 84.55233 85.23637 85.20274 84.7609 85.38678 85.30855 85.92323 85.53226 86.10239 86.6949 95.65675 87.21857 86.88342 87.44201 88.0006 89.2376 89.78493 90.3211 90.84609 91.40593 91.90853 92.42229 92.90256 94.12944 94.61083 95.09223 95.58482 96.1795 111.1491 96.54716 96.24635 96.93183 97.35049 97.81322 98.20985 98.67297 99.01447 99.37801 116.4845 108.4635 68.09826 99.73673 100.2141 100.1006 100.4604 100.9401 101.4199 102.1195 102.5665 129.0426 129.5846 130.3061 130.5992 115.694 103.9126 103.8971 104.1681 104.5365 104.8941 106.2678 106.626 106.9625 107.2882 108.6653 108.9594 123.0621 123.4721
83.40768 83.82254 83.34123 83.99164 84.64204 85.28123 84.11269 84.73856 85.35325 85.25266 85.52107 86.09122 85.97942 86.53839 87.29678 87.8442 86.63764 87.18506 88.37751 88.9025 89.40516 89.90781 90.49008 90.98151 91.43945 91.90853 93.12186 93.56968 94.01749 94.47649 95.14339 95.60017 95.95668 96.39117 95.80804 103.5138 96.59029 160.6945 105.4156 97.93488 98.29842 98.73906 98.02509 115.0951 98.91704 99.26941 99.45731 99.90434 99.7953 100.0352 100.7022 101.1383 101.5417 127.8682 128.5591 128.8409 129.3593 102.9466 103.0303 103.4095 103.2903 103.6479 105.1389 105.508 105.8554 106.1919 107.6738 119.1658 121.2462 121.6796
82.88071 83.49739 83.83465 83.39731 84.01406 84.61961 83.44211 84.04562 84.64914 85.21913 84.78324 85.33103 85.88999 85.75584 86.48124 87.00631 87.54256 88.06764 87.4839 87.97539 88.4557 88.93602 89.50723 89.98749 100.6128 90.90334 92.22625 92.66286 93.08829 93.34577 95.15454 107.5343 96.01239 95.27708 101.2778 101.8426 113.115 111.941 104.8197 96.63495 97.05357 97.4832 96.76978 97.19923 109.9624 136.2197 97.47929 97.90929 98.28416 99.381 100.0263 99.86277 100.0481 125.8131 126.4852 136.4754 127.477 127.973 120.1912 101.8708 102.2501 102.6185 103.8364 104.2054 104.3248 104.683 106.5081 106.4645 106.7587 130.4433
77.89013 82.93129 82.44329 83.02672 83.56528 83.95797 93.42995 90.28547 83.28307 82.99461 83.91511 84.44048 84.97704 85.5136 86.16235 86.40809 86.91071 87.40218 86.60477 87.07394 87.54311 88.01226 88.47233 88.91911 99.23727 89.80148 90.40994 90.83107 91.20787 91.59575 93.88469 94.28577 94.69798 95.08791 99.61808 113.3263 114.8404 111.8549 112.4733 100.6815 98.42479 96.10064 106.7386 95.91578 108.0446 96.73058 96.26084 96.62467 97.04362 97.46259 123.3089 123.8315 123.6279 124.1473 124.5645 134.0404 134.6707 100.2263 100.005 100.3843 100.7637 101.143 101.9347 102.3036 102.6616 103.0196 117.1808 116.349 104.6068 116.5817
85.01641 82.31458 89.50773 82.37597 82.94818 83.52039 81.68552 82.22913 82.77274 83.30524 83.95982 83.63565 84.14985 84.66405 85.9948 85.80492 86.26289 86.46394 87.40007 86.96447 87.42241 86.99798 87.42241 87.84685 88.27128 88.69572 89.3017 89.68958 90.08855 90.46535 92.68147 93.06026 93.43906 93.81785 98.14277 110.8138 114.1052 126.3363 124.1954 43.27977 40.72042 35.47817 123.2052 95.88275 105.9503 95.35423 96.11752 95.21346 95.61036 95.99624 96.3359 96.71049 97.08508 122.7155 123.6302 124.0845 123.629 99.41231 99.1813 99.5498 99.24632 99.61483 100.6654 101.0343 101.4031 101.7612 103.0874 115.3297 115.8335 139.8235
86.99708 99.64027 81.22033 87.58138 82.28621 82.82476 81.00878 89.2862 81.99615 82.50648 83.37855 83.90392 83.32266 83.81451 85.1124 85.58154 87.40618 88.06703 86.42834 102.5221 87.31071 95.57794 87.23253 87.63463 87.16552 87.57879 88.1713 93.78426 94.34242 94.88897 95.389 95.34198 95.84912 92.69261 102.3692 47.95544 45.39645 121.0417 85.78596 146.8566 152.8537 124.1862 86.17265 121.6393 100.2214 95.20007 95.44498 95.015 95.37883 95.75368 96.13759 107.821 108.3858 95.90622 121.4154 121.8924 131.8955 122.8692 123.1889 98.60686 98.97536 99.33303 99.77583 99.48291 99.86263 100.1121 101.796 112.928 113.4669 135.7054
86.17668 83.63297 80.83886 86.87508 81.62424 82.09547 80.53173 80.7758 81.27504 81.7299 82.58489 83.06556 83.53505 84.00453 94.03561 85.57435 86.10767 86.74533 86.41718 94.14034 86.27197 86.66289 87.04266 86.54004 86.93096 87.31071 87.00765 87.36229 87.71693 93.15632 93.6796 94.21451 91.09946 94.69654 106.1348 47.5145 79.9136 138.7448 -9999 -9999 -9999 -9999 -9999 130.7268 32.76524 100.3091 94.34246 94.69527 95.04807 95.4119 95.36636 105.5267 106.0562 95.61977 96.28235 119.7344 120.2115 118.2879 121.0224 96.83812 97.18153 97.536 98.83199 99.20085 99.14661 99.51546 100.1356 100.4829 111.1589 111.5512
79.70776 87.20803 78.80243 79.2832 79.76397 80.1553 79.05233 79.53771 80.01208 80.23271 82.14796 82.59502 83.04209 83.47798 83.54579 84.29903 84.9135 85.53957 92.55373 85.79815 86.15559 86.4907 86.54232 86.2184 86.60933 86.07319 86.89869 95.55045 87.49708 87.0095 91.54997 89.45428 92.52967 92.97918 127.1066 79.3904 -9999 -9999 -9999 -9999 -9999 -9999 -9999 -9999 144.0634 109.1902 92.98224 93.32372 93.6652 94.00668 94.04675 103.2206 103.7383 95.08313 95.61537 118.6178 134.4674 119.1858 119.687 120.1431 96.69772 96.52046 96.30106 96.64448 97.01006 97.63087 99.20969 122.1585 109.383 110.0629
78.23463 78.71508 84.76844 75.91779 76.54063 79.54036 78.43456 78.90891 79.26192 79.70319 81.3656 81.79031 82.15914 82.58385 82.74545 83.27877 83.85846 84.44975 84.37954 84.75932 85.11677 86.32796 85.74927 86.1067 86.17372 86.5088 85.73517 86.03436 86.34464 86.66599 87.86105 88.17301 88.47384 132.1741 2.66 -9999 -9999 -9999 -9999 -9999 -9999 -9999 -9999 -9999 -9999 164.773 121.2532 91.93576 92.10099 92.44247 92.47012 92.8119 101.6323 93.47342 94.01792 116.8798 117.3341 111.3894 110.8268 118.7405 104.6788 95.53443 95.9798 96.34538 96.69987 97.06545 97.18641 97.54066 97.82849 107.8082
78.20149 78.62852 77.3569 77.81358 78.09205 78.53759 78.52542 78.97121 79.417 79.82935 80.826 81.21733 81.61984 81.77637 82.06517 82.61382 83.17416 83.69946 84.2131 84.22345 84.58214 84.70544 93.36021 85.29545 85.60928 85.92312 86.69173 85.37601 85.66592 85.97812 87.50061 87.77921 135.7227 -9999 -9999 -9999 -9999 -9999 -9999 -9999 -9999 -9999 -9999 -9999 -9999 48.04 101.8111 85.75652 93.84092 91.46224 101.28 91.39912 91.72983 92.02747 92.82076 93.17487 116.3355 117.9419 109.9169 116.3813 93.89263 94.2111 94.72179 95.08413 95.44646 95.13903 95.95322 95.02088 95.34994 108.3276
82.33108 77.99922 76.69974 77.15641 77.5574 77.95838 77.96819 78.22452 78.62572 79.02694 80.11044 80.38995 80.75893 81.12788 80.83945 81.36475 81.89007 82.4037 82.90566 83.25949 83.57333 83.88718 84.14099 84.43241 84.69019 84.98161 85.52097 104.7331 96.43443 135.6866 100.1502 132.7101 -9999 -9999 -9999 -9999 -9999 -9999 -9999 -9999 -9999 -9999 -9999 -9999 -9999 -9999 76.87148 41.87049 151.4524 92.60487 89.50301 89.82269 96.49471 90.48413 91.42646 91.7695 114.2126 108.5712 113.7852 114.2065 92.25638 92.60779 93.12975 93.45914 93.79951 94.16184 95.55835 94.76861 95.03185 105.9811
118.8544 77.51701 84.49976 62.12149 76.93108 77.54641 77.93526 78.21359 78.59213 78.98181 79.37587 79.73362 80.08018 80.31496 79.95226 87.16551 80.9445 81.44646 81.57487 82.39027 82.70324 82.99386 82.90437 83.17361 83.44285 83.7121 103.1723 103.5197 94.67075 106.8047 142.6192 -9999 -9999 -9999 -9999 -9999 -9999 -9999 -9999 -9999 -9999 -9999 -9999 -9999 -9999 -9999 76.39827 100.7147 103.2156 90.77103 89.00176 88.51286 88.83509 95.30328 89.96469 90.28763 90.62169 112.4597 111.5055 111.961 132.3282 112.8721 91.45457 91.7291 92.05856 92.25623 93.53476 93.87505 94.22631 103.6464
61.17916 130.1063 133.4089 75.11457 142.9883 84.45356 82.70715 77.60124 77.94639 78.20246 78.58212 78.89514 79.21935 79.54356 80.17798 79.20515 79.67209 80.13903 81.37311 81.6749 81.92081 82.18907 82.9268 83.17361 83.17361 83.43163 101.7709 102.072 95.72594 139.4587 108.9752 -9999 -9999 -9999 -9999 -9999 -9999 -9999 -9999 -9999 -9999 -9999 -9999 -9999 -9999 -9999 76.19846 96.35323 106.0662 110.3268 87.52395 87.82396 88.14619 88.46842 89.1852 88.70637 89.04044 110.3379 102.8109 103.3694 103.9517 110.7424 89.8293 90.16972 90.51015 90.85059 92.0858 92.28339 92.62367 92.96397
-9999 -9999 -9999 -9999 -9999 122.2073 65.02032 120.4816 77.2227 77.57898 77.93369 78.23554 78.35851 78.67155 79.29493 79.59673 79.89853 80.20033 80.38947 80.65775 88.95448 81.18308 81.84983 82.08541 81.4348 82.54537 100.2536 93.95629 139.054 122.7974 -9999 -9999 -9999 -9999 -9999 -9999 -9999 -9999 -9999 -9999 -9999 -9999 -9999 -9999 -9999 -9999 133.1511 91.74186 111.9398 101.2007 106.2308 86.3017 86.61282 91.59276 87.69302 88.01596 92.38871 108.9886 108.0457 100.9691 101.5276 108.6379 88.25893 88.59936 88.93979 102.2311 103.2473 90.88932 91.2296 102.1215
-9999 -9999 -9999 -9999 -9999 -9999 -9999 -9999 -9999 117.805 119.9439 77.38589 77.68773 78.00076 78.41189 78.69134 78.97078 77.5475 80.77192 78.30628 80.00944 80.23299 79.32188 81.0421 81.26647 81.45718 89.46119 79.12566 123.6696 -9999 -9999 -9999 -9999 -9999 -9999 -9999 -9999 -9999 -9999 -9999 -9999 -9999 -9999 -9999 -9999 -9999 45.38 144.2244 99.06415 107.0639 85.20168 88.91228 89.33568 86.0906 86.85786 90.74998 90.97239 97.56996 111.9783 99.11536 109.4345 107.2828 87.56709 87.84163 87.3804 100.3275 101.3326 89.29765 96.32651 27.38912
-9999 -9999 -9999 -9999 -9999 -9999 -9999 -9999 -9999 -9999 -9999 -9999 119.6747 77.38859 77.76566 78.02268 78.16795 87.27143 80.32262 80.14362 78.9123 79.1247 79.28764 78.48139 78.7849 86.9819 83.11909 125.7481 -9999 -9999 -9999 -9999 -9999 -9999 -9999 -9999 -9999 -9999 -9999 -9999 -9999 -9999 -9999 -9999 -9999 -9999 -9999 96.95837 111.4526 84.74465 86.57296 100.432 85.28921 84.42197 84.96583 88.70158 89.14639 98.31568 90.70898 99.25999 85.40339 85.05401 85.95126 86.28074 86.62121 93.4865 94.33117 87.61335 102.9041 37.83636
-9999 -9999 -9999 -9999 -9999 -9999 -9999 -9999 -9999 -9999 -9999 -9999 -9999 120.2494 120.5819 120.8199 121.0686 83.09727 93.55164 102.66 80.85227 78.17449 78.30396 78.4828 77.33737 83.25514 123.1747 -9999 -9999 -9999 -9999 -9999 -9999 -9999 -9999 -9999 -9999 -9999 -9999 -9999 -9999 -9999 -9999 -9999 -9999 -9999 -9999 82.99951 134.9506 95.5238 85.0523 83.55474 83.84383 84.1329 84.9436 85.2436 131.5894 73.38657 107.7011 102.4949 86.64089 84.24605 85.11657 85.45703 85.7975 91.56979 92.27947 89.675 103.5317 42.95674
-9999 -9999 -9999 -9999 -9999 -9999 -9999 -9999 -9999 -9999 -9999 -9999 -9999 -9999 42.72 -9999 -9999 -9999 121.8368 76.05755 80.02895 77.32488 77.45441 77.59972 75.94822 121.0879 -9999 -9999 -9999 -9999 -9999 -9999 -9999 -9999 -9999 -9999 -9999 -9999 -9999 -9999 -9999 -9999 -9999 -9999 -9999 -9999 -9999 129.7955 126.3915 91.41361 82.15382 82.4429 82.73199 83.00994 83.55473 83.8325 130.1708 96.61983 84.06014 92.6487 123.267 102.2679 83.90846 84.01829 89.39596 89.86345 101.4171 33.19989 79.12205 79.14306
-9999 -9999 -9999 -9999 -9999 -9999 -9999 -9999 -9999 -9999 -9999 -9999 -9999 -9999 -9999 -9999 -9999 -9999 -9999 -9999 -9999 120.363 76.75018 76.87312 74.58241 119.742 -9999 -9999 -9999 -9999 -9999 -9999 -9999 -9999 -9999 -9999 -9999 -9999 -9999 -9999 -9999 -9999 -9999 -9999 -9999 -9999 -9999 -9999 130.0402 87.14686 84.36974 81.90922 82.1983 87.95607 79.15195 83.2704 119.2531 139.3 29.0981 99.37953 37.97996 94.63625 83.66684 83.96337 84.28188 90.6846 71.51277 121.7895 -9999 -9999
-9999 -9999 -9999 -9999 -9999 -9999 -9999 -9999 -9999 -9999 -9999 -9999 -9999 -9999 -9999 -9999 -9999 -9999 -9999 -9999 -9999 -9999 108.9163 119.7455 119.8537 -9999 -9999 -9999 -9999 -9999 -9999 -9999 -9999 -9999 -9999 -9999 -9999 -9999 -9999 -9999 -9999 -9999 -9999 -9999 -9999 -9999 -9999 -9999 -9999 87.02829 121.0886 73.62193 80.67912 132.6991 113.945 -9999 -9999 60.67298 122.9496 133.6531 90.58738 85.3839 90.26259 82.19235 82.24696 125.917 -9999 -9999 -9999 -9999
-9999 -9999 -9999 -9999 -9999 -9999 -9999 -9999 -9999 -9999 -9999 -9999 -9999 -9999 -9999 -9999 -9999 -9999 -9999 -9999 -9999 -9999 34.91496 -9999 -9999 -9999 -9999 -9999 -9999 -9999 -9999 -9999 -9999 -9999 -9999 -9999 -9999 -9999 -9999 -9999 -9999 -9999 -9999 -9999 -9999 -9999 -9999 -9999 -9999 -9999 -9999 -9999 123.1366 -9999 -9999 -9999 -9999 -9999 -9999 -9999 -9999 66.59158 29.01281 83.56741 81.14407 124.8422 -9999 -9999 -9999 -9999
-9999 -9999 -9999 -9999 -9999 -9999 -9999 -9999 -9999 -9999 -9999 -9999 -9999 -9999 -9999 -9999 -9999 -9999 -9999 -9999 -9999 -9999 -9999 -9999 -9999 -9999 -9999 -9999 -9999 -9999 -9999 -9999 -9999 -9999 -9999 -9999 -9999 -9999 -9999 -9999 -9999 -9999 -9999 -9999 -9999 -9999 -9999 -9999 -9999 -9999 -9999 -9999 -9999 -9999 -9999 -9999 -9999 -9999 -9999 -9999 -9999 -9999 128.8995 85.81508 127.2331 -9999 -9999 -9999 -9999 -9999
-9999 -9999 -9999 -9999 -9999 -9999 -9999 -9999 -9999 -9999 -9999 -9999 -9999 -9999 -9999 -9999 -9999 -9999 -9999 -9999 -9999 -9999 -9999 -9999 -9999 -9999 -9999 -9999 -9999 -9999 -9999 -9999 -9999 -9999 -9999 -9999 -9999 -9999 -9999 -9999 -9999 -9999 -9999 -9999 -9999 -9999 -9999 -9999 -9999 -9999 -9999 -9999 -9999 -9999 -9999 -9999 -9999 -9999 -9999 -9999 -9999 -9999 -9999 125.2732 -9999 -9999 -9999 -9999 -9999 -9999
-9999 -9999 -9999 -9999 -9999 -9999 -9999 -9999 -9999 -9999 -9999 -9999 -9999 -9999 -9999 -9999 -9999 -9999 -9999 -9999 -9999 -9999 -9999 -9999 -9999 -9999 -9999 -9999 -9999 -9999 -9999 -9999 -9999 -9999 -9999 -9999 -9999 -9999 -9999 -9999 -9999 -9999 -9999 -9999 -9999 -9999 -9999 -9999 -9999 -9999 -9999 -9999 -9999 -9999 -9999 -9999 -9999 -9999 -9999 -9999 -9999 -9999 78.06536 -9999 -9999 -9999 -9999 -9999 -9999 -9999
-9999 -9999 -9999 -9999 -9999 -9999 -9999 -9999 -9999 -9999 -9999 -9999 -9999 -9999 -9999 -9999 -9999 -9999 -9999 -9999 -9999 -9999 -9999 -9999 -9999 -9999 -9999 -9999 -9999 -9999 -9999 -9999 -9999 -9999 -9999 -9999 -9999 -9999 -9999 -9999 -9999 -9999 -9999 -9999 -9999 -9999 -9999 -9999 -9999 -9999 -9999 -9999 -9999 -9999 -9999 -9999 -9999 -9999 -9999 -9999 -9999 -9999 39.49992 -9999 -9999 -9999 -9999 -9999 -9999 -9999
-9999 -9999 -9999 -9999 -9999 -9999 -9999 -9999 -9999 -9999 -9999 -9999 -9999 -9999 -9999 -9999 -9999 -9999 -9999 -9999 -9999 -9999 -9999 -9999 -9999 -9999 -9999 -9999 -9999 -9999 -9999 -9999 -9999 -9999 -9999 -9999 -9999 -9999 -9999 -9999 -9999 -9999 -9999 -9999 -9999 -9999 -9999 -9999 -9999 -9999 -9999 -9999 -9999 -9999 -9999 -9999 -9999 -9999 -9999 -9999 -9999 -9999 -9999 -9999 -9999 -9999 -9999 -9999 -9999 -9999
-9999 -9999 -9999 -9999 -9999 -9999 -9999 -9999 -9999 -9999 -9999 -9999 -9999 -9999 -9999 -9999 -9999 -9999 -9999 -9999 -9999 -9999 -9999 -9999 -9999 -9999 -9999 -9999 -9999 -9999 -9999 -9999 -9999 -9999 -9999 -9999 -9999 -9999 -9999 -9999 -9999 -9999 -9999 -9999 -9999 -9999 -9999 -9999 -9999 -9999 -9999 -9999 -9999 -9999 -9999 -9999 -9999 -9999 -9999 -9999 -9999 -9999 -9999 -9999 -9999 -9999 -9999 -9999 -9999 -9999
-9999 -9999 -9999 -9999 -9999 -9999 -9999 -9999 -9999 -9999 -9999 -9999 -9999 -9999 -9999 -9999 -9999 -9999 -9999 -9999 -9999 -9999 -9999 -9999 -9999 -9999 -9999 -9999 -9999 -9999 -9999 -9999 -9999 -9999 -9999 -9999 -9999 -9999 -9999 -9999 -9999 -9999 -9999 -9999 -9999 -9999 -9999 -9999 -9999 -9999 -9999 -9999 -9999 -9999 -9999 -9999 -9999 -9999 -9999 -9999 -9999 -9999 -9999 -9999 -9999 -9999 -9999 -9999 -9999 -9999
-9999 -9999 -9999 -9999 -9999 -9999 -9999 -9999 -9999 -9999 -9999 -9999 -9999 -9999 -9999 -9999 -9999 -9999 -9999 -9999 -9999 -9999 -9999 -9999 -9999 -9999 -9999 -9999 -9999 -9999 -9999 -9999 -9999 -9999 -9999 -9999 -9999 -9999 -9999 -9999 -9999 -9999 -9999 -9999 -9999 -9999 -9999 -9999 -9999 -9999 -9999 -9999 -9999 -9999 -9999 -9999 -9999 -9999 -9999 -9999 -9999 -9999 -9999 -9999 -9999 -9999 -9999 -9999 -9999 -9999
-9999 -9999 -9999 -9999 -9999 -9999 -9999 -9999 -9999 -9999 -9999 -9999 -9999 -9999 -9999 -9999 -9999 -9999 -9999 -9999 -9999 -9999 -9999 -9999 -9999 -9999 -9999 -9999 -9999 -9999 -9999 -9999 -9999 -9999 -9999 -9999 -9999 -9999 -9999 -9999 -9999 -9999 -9999 -9999 -9999 -9999 -9999 -9999 -9999 -9999 -9999 -9999 -9999 -9999 -9999 -9999 -9999 -9999 -9999 -9999 -9999 -9999 -9999 -9999 -9999 -9999 -9999 -9999 -9999 -9999
