Data/Raw/GIS/Recharge/Climate_scenarios/workspace/final_net_infil_4p5.asc
ncols         700
nrows         400
xllcorner     514975
yllcorner     8408975
cellsize      50
NODATA_value  -9999
[rows 124 to 154 of 400, columns 420 to 489 of 700]
118.5632 153.5273 146.1936 153.176 153.329 153.1065 152.8606 155.1717 143.6176 129.6702 129.4085 116.8116 109.9889 146.0259 145.8779 109.7594 109.0035 108.9488 108.9159 144.0547 107.7519 107.7849 123.4883 107.8838 107.8477 107.8806 107.9026 107.9246 108.9155 105.8746 105.8746 128.5813 170.1114 144.4075 174.7019 144.4753 141.521 141.4308 105.6304 105.5661 104.8429 104.7357 104.6284 104.5105 105.0596 105.2224 105.103 104.9837 104.2076 104.1208 106.0093 105.8791 105.4201 105.2899 105.1379 113.8349 105.1589 104.9418 104.7031 104.4534 105.4332 113.6628 104.7946 104.4312 106.1205 106.1428 105.6754 105.1969 104.2928 104.4598
135.3838 146.0593 153.1526 145.7052 153.1182 146.3774 155.2767 148.6836 134.987 134.7436 134.488 134.2447 146.3673 146.1624 145.9462 145.8779 143.8231 144.2712 144.2142 143.6087 150.3766 107.8948 107.9497 108.0046 107.9795 108.0344 108.0784 108.1114 109.102 106.0783 106.0783 106.0676 128.8754 170.4136 144.8141 144.7424 141.9157 141.8593 105.9198 105.8341 105.1324 105.0359 104.918 104.8107 105.3525 112.7458 105.1681 105.0596 104.5766 104.4681 104.3487 106.2373 105.811 105.659 105.4961 105.3116 105.4954 105.2783 105.0287 125.4029 105.7415 113.9435 105.0698 104.6955 105.8423 105.9536 105.898 105.4084 104.4932 126.9468
145.7052 145.6076 146.5589 148.8835 148.7149 146.0991 152.5093 152.3336 144.5247 153.0635 152.4519 192.1785 189.152 186.3639 186.1724 147.0249 185.1125 188.9365 119.5585 143.7516 141.9164 141.9849 108.0376 108.0925 108.0784 108.1443 108.1992 108.2432 109.1459 106.0462 106.1426 106.2391 114.773 166.5993 133.5226 145.3428 142.2202 142.1976 142.1074 106.0699 105.3791 105.2826 105.1753 112.5742 105.6346 105.537 105.4393 105.3742 104.9023 104.8046 104.696 104.5658 106.104 105.9955 105.8218 105.6155 105.7884 105.5713 105.3 113.8876 115.2953 113.3605 105.29 104.8937 106.0537 105.6198 106.0871 105.5753 104.56 104.0813
145.1681 148.6307 149.9037 150.9573 123.0379 146.038 153.0334 145.4578 34.74873 135.571 78.97994 189.5523 147.5539 145.1545 145.0007 145.9917 147.1696 147.0901 144.442 143.8588 162.6723 142.0647 167.877 108.1584 108.1553 108.2212 108.2762 108.3311 109.2557 130.0074 106.1855 106.1962 106.1208 106.1315 106.1315 164.3347 145.6199 157.0109 142.3668 142.2878 105.5614 105.4863 105.4005 105.3255 105.895 105.8082 105.7214 105.6238 104.9023 105.0976 104.9999 104.8588 111.544 111.2995 106.0606 105.8978 106.0163 105.7884 105.5388 105.2457 106.2039 113.2007 105.4662 105.0588 105.5975 105.7422 105.8201 105.7088 104.5823 104.1704
154.3546 152.9976 138.438 135.9483 120.1547 47.63823 125.1181 153.9011 34.69098 143.7763 148.5387 190.3369 144.9504 145.1071 146.4734 146.3938 145.398 145.3182 157.5129 143.9422 143.9541 151.1557 131.8937 108.4884 106.8339 106.8995 113.8973 107.0089 107.753 105.5697 105.6129 105.6344 106.3327 106.3435 142.6185 164.5708 142.7715 142.7264 157.1171 142.5573 167.1708 114.2301 106.1311 129.2847 141.7619 141.6483 141.5235 105.7744 105.2617 105.1532 105.0555 105.2183 105.6808 111.1744 105.367 105.1507 104.5632 104.3035 104.0114 103.7084 106.2973 105.9412 105.5406 105.1178 104.1295 103.6558 103.777 104.8124 104.5889 104.0051
122.5582 89.86231 88.37329 84.56645 180.8905 89.85187 158.5827 189.2136 153.3227 187.7951 153.1794 187.5902 144.6387 141.1017 146.4393 160.1349 145.4321 145.3752 144.0375 144.0256 157.7126 151.2139 108.6532 108.5214 106.8558 113.8511 113.9089 113.9666 105.5589 105.6129 105.6668 105.71 106.4185 106.4292 142.7538 142.5282 145.1259 145.0898 142.8617 142.7602 191.6946 142.4519 142.3504 142.2489 142.0798 141.9776 164.5972 166.0369 140.412 112.5823 105.2725 105.1423 105.8971 105.724 105.5293 105.3562 104.7471 104.4658 104.1628 103.8491 106.4197 113.4832 105.6408 105.2068 104.1846 103.6889 103.81 104.8345 104.5999 104.0051
188.6381 46.91677 138.8915 44.22606 54.83422 49.533 138.8565 81.55054 139.3886 150.2738 143.9626 142.4312 146.6243 150.2081 147.2213 181.4626 173.3387 190.6623 145.7669 146.1548 145.0905 108.2024 108.2571 119.1692 114.4871 114.5568 114.615 114.6847 111.5901 104.4506 112.4745 104.5573 105.8091 105.3404 141.7373 167.1454 142.2644 142.2419 113.8711 105.5962 167.165 141.7751 141.6966 141.6294 140.2381 104.8414 111.9805 164.0785 138.3406 103.5866 117.8819 103.331 105.1136 104.9313 104.7275 104.5023 103.9166 103.6485 112.0106 103.0049 104.3751 103.9933 103.5788 103.1315 103.1302 102.6286 102.7158 103.73 103.508 102.8864
92.06344 143.2773 140.7903 111.1104 151.7688 118.8626 36.19717 36.95053 141.2723 111.054 142.1578 150.0844 143.9134 150.0445 144.4547 145.0905 146.1089 110.1868 120.8503 110.2087 108.093 108.2243 108.268 108.3118 127.8742 114.5452 114.6033 114.6615 111.5669 104.4506 104.5146 104.5786 105.8305 105.383 105.4043 141.8718 142.3652 105.756 105.7346 105.7133 141.7639 141.9433 141.8984 141.8536 105.0223 104.9691 104.9266 104.8308 103.7996 103.7251 103.6079 103.4482 105.2208 105.0385 104.824 104.5666 103.9917 103.7128 103.3803 103.0371 104.4079 104.0042 103.5679 103.1097 103.1084 102.585 102.6395 102.6504 122.3612 102.7882
89.21856 153.1713 63.54755 137.5705 138.0857 36.10796 138.2171 127.4671 113.7382 144.2324 140.6461 149.4512 149.2522 149.3107 143.6549 144.8986 120.3224 109.5769 109.6099 109.6319 107.3296 107.3734 107.4172 118.0962 114.429 114.4987 114.5801 114.6498 111.5669 104.0559 104.1203 104.1847 105.1511 105.1724 140.7801 140.8137 105.328 105.328 105.328 105.3067 141.0921 105.3719 105.3293 105.2973 104.5229 104.4697 104.3845 104.2993 103.4986 103.3708 103.2429 103.0618 117.1597 104.7287 104.5142 104.2996 103.8724 103.572 103.2287 102.8854 105.5167 105.09 104.6414 104.16 104.7968 104.2588 103.7098 103.1279 68.5151 102.9448
125.8511 83.76832 46.47181 134.2319 137.2967 126.7304 124.3007 129.5932 38.61691 154.0229 148.9967 159.1078 143.1748 157.087 149.112 120.9412 109.467 109.5 109.544 109.5879 107.2967 118.5152 107.4062 107.461 134.9314 127.8742 114.5336 114.615 111.2773 104.0774 104.1418 104.1955 105.1724 140.7576 140.8474 105.279 105.3707 105.3814 105.3814 105.3707 105.3826 113.6123 105.3186 105.276 104.6081 104.5549 104.4697 104.3738 103.5626 103.4241 103.2749 103.0831 104.9432 104.7287 104.5034 104.2889 103.8402 103.5076 103.1643 102.821 105.4292 104.9806 104.5101 104.0178 104.6321 104.0941 103.5342 102.9303 102.4088 102.7151
-9999 -9999 175.2723 138.6004 47.40312 38.47315 133.9503 136.7405 143.0723 150.95 114.6 114.712 123.8853 148.6911 114.4644 114.5764 109.3132 109.3791 109.4341 109.478 107.2092 107.2858 107.3515 107.4172 114.3128 114.3825 114.4755 114.5568 111.2426 111.3237 104.1525 104.2169 118.9662 105.247 105.311 105.311 105.392 105.3067 105.3067 105.3067 105.3293 105.2973 105.2653 105.2333 104.64 104.5761 112.3922 104.3951 103.5626 103.4134 111.3008 103.0405 104.8789 104.6643 104.4176 104.1817 103.7329 103.4003 103.0356 102.6494 105.2541 104.7946 104.3022 103.788 104.3905 103.8306 103.2487 103.2487 102.6495 102.387
-9999 -9999 -9999 87.39732 46.18963 140.8396 91.60561 130.8317 146.5352 114.118 114.2413 114.3758 113.9826 114.1059 114.2179 114.3411 109.1264 109.2143 109.2912 109.3571 107.0997 107.1873 114.0222 114.1035 127.6073 114.2895 114.3825 114.4755 111.1731 111.2542 104.1418 104.2062 125.0131 105.0657 105.1191 111.6364 111.648 111.6248 105.2214 105.2214 105.3293 105.308 113.4795 105.2546 104.6294 112.3257 104.491 104.3738 103.5306 120.5054 111.237 102.9766 104.793 104.5571 104.2996 104.0422 103.5827 103.2502 102.8639 102.4563 105.0462 104.5758 104.0615 103.5254 104.1161 103.5342 102.9303 102.9522 102.737 103.0323
-9999 -9999 -9999 -9999 45.99428 86.0606 161.8517 122.7012 113.6364 113.6477 113.5009 113.6589 111.8234 111.6785 111.8345 111.9572 106.6898 106.7992 106.8977 106.9853 105.5998 113.6851 113.8014 113.9176 127.4333 114.15 114.2547 114.3593 111.0572 111.1383 111.231 111.3005 111.37 111.4279 111.4858 111.5322 111.5553 104.7171 113.3683 104.6851 104.9411 104.9197 104.8877 104.845 104.0671 103.9925 103.9393 103.8221 103.3259 103.1554 102.9743 103.0382 104.835 104.5561 104.2772 104.0091 103.656 103.3128 102.9267 102.5191 104.8034 104.3111 103.775 103.2279 103.0893 102.4986 102.5314 102.4221 102.916 103.2125
-9999 -9999 -9999 -9999 80.49374 80.55652 121.0282 116.0258 122.4229 113.3428 113.3654 123.0216 123.1874 111.6227 111.489 111.645 112.2363 106.5475 106.6679 117.3974 105.4021 105.501 113.534 113.6735 113.813 113.9525 114.0571 114.1617 110.895 110.9877 137.8035 124.6618 111.231 111.2773 111.3352 111.37 111.3932 111.4047 111.37 104.6104 104.8557 104.8344 104.7917 104.7384 103.9606 103.918 103.8114 103.6836 103.1874 102.9956 102.8038 104.839 104.6526 104.3523 104.0842 103.7731 103.3986 103.0446 102.6371 102.2295 104.4861 103.9719 103.4249 102.8669 102.7065 102.7393 102.6518 102.4111 102.4548 102.8172
-9999 -9999 -9999 -9999 144.1298 104.472 122.3515 112.8474 121.8353 112.846 113.038 113.2525 111.1769 123.1539 111.4221 111.6116 111.9081 106.263 106.3943 112.825 112.9645 113.0923 113.2318 113.3829 113.5456 113.6967 113.813 113.9176 110.6981 110.7908 110.8719 110.953 111.034 111.092 111.1383 111.1731 111.1962 111.1962 111.1731 104.5143 104.749 104.717 104.6637 104.6103 103.854 103.7475 103.641 103.5025 111.2402 102.7931 112.0541 117.3193 104.406 104.1056 103.8268 111.9325 103.109 102.7229 102.3046 101.8756 104.1142 103.5999 103.0419 102.4621 102.2908 102.3127 102.2033 102.9471 102.9709 102.389
-9999 -9999 -9999 -9999 -9999 122.3476 111.9681 112.2386 112.0331 112.2815 112.5186 112.7444 110.6976 110.9316 110.9985 111.1992 112.7569 112.9592 112.209 112.395 112.5577 112.7088 112.8715 113.0342 113.197 113.3481 113.4875 113.6038 110.6749 110.5012 115.3615 110.6749 110.756 110.814 110.8603 110.895 104.3436 104.3649 104.3649 104.2582 112.6808 104.5357 104.4717 104.4077 111.182 103.5345 103.4067 103.2576 104.9988 104.7857 104.5619 104.2955 125.8406 118.5672 118.1638 103.151 102.7443 102.3475 101.9078 101.4573 113.4085 103.1513 102.5824 102.6371 102.4549 109.6347 102.1048 102.4877 102.5756 101.807
-9999 -9999 -9999 -9999 -9999 118.6752 111.1124 111.056 110.8482 110.7806 110.9159 111.164 110.6796 110.9404 111.2012 111.4394 110.1446 110.3499 106.8035 111.93 112.116 112.3136 112.4879 112.6623 112.8134 112.9645 113.1272 110.0545 110.339 110.4433 149.2467 110.3738 110.4548 110.5012 110.5475 104.1025 104.3395 104.3395 119.3642 112.4784 104.0902 104.1222 104.0475 103.9621 103.2779 103.1607 103.0222 104.8333 112.0116 104.4767 104.2529 103.9652 103.8634 103.5631 103.2307 102.8553 102.6741 102.2669 101.8062 101.3454 102.4898 101.9445 101.999 101.9336 109.0483 102.12 101.5202 100.8004 101.4125 100.625
-9999 -9999 -9999 -9999 80.30801 115.3438 110.4124 120.4371 110.2055 122.5605 110.7918 110.5889 110.6229 110.7589 110.6796 110.9404 109.7226 109.9051 106.4408 106.5947 107.6444 111.8022 111.9998 105.9075 105.0438 112.5112 112.6739 109.6382 109.922 110.0378 110.1421 110.2232 110.3043 110.0957 103.7077 103.7397 104.1048 104.1154 104.1048 104.0941 103.8021 103.8341 111.7114 103.6527 104.9399 104.8014 104.9399 104.7588 104.3275 104.0931 103.848 103.5603 103.4337 103.112 102.7581 102.3828 102.2026 101.7847 101.3133 100.8311 101.9445 102.0209 101.9554 102.7625 102.0873 101.5747 100.8876 100.1679 105.3624 99.94687
-9999 -9999 -9999 36.60423 84.74606 117.2549 109.7123 110.0398 121.3691 131.1752 140.8296 141.2506 140.5508 140.9507 141.327 110.7816 109.3235 109.5744 109.734 106.2429 107.2659 107.444 107.5776 107.7446 104.7151 104.8685 112.1974 109.1987 109.4934 109.5976 109.7019 109.7945 109.864 109.9336 109.9799 103.4622 103.8167 103.8274 103.8167 103.7847 103.578 103.5353 103.4393 103.3432 104.9079 104.7481 114.3346 104.3646 103.9333 103.6882 103.4218 103.1767 103.0048 102.6509 102.2862 101.9109 101.7204 101.2811 100.7989 100.2953 102.0209 101.9663 102.7843 102.1408 101.6074 100.9313 100.2442 100.1788 104.6345 99.925
-9999 -9999 -9999 79.06027 145.875 118.4576 108.9672 119.8365 129.6711 130.1486 130.6261 130.9842 139.6688 140.1039 140.5273 140.9272 108.7533 109.0384 109.3007 105.7703 106.7871 106.9875 107.1879 107.3661 104.4192 104.4631 104.6165 108.6551 108.9489 109.0648 109.169 109.2501 109.3312 109.3891 109.4239 109.4354 103.4433 103.4326 103.422 103.4006 105.1572 105.1145 105.3066 105.1892 104.4605 104.3007 104.1195 103.9065 113.2847 103.23 102.9636 102.644 102.4578 110.5367 101.7393 101.3425 101.1204 100.6703 100.1989 100.2953 101.9009 102.7189 102.0863 101.5846 100.8986 100.2006 100.1788 99.42629 99.96875 99.21406
-9999 -9999 -9999 84.91339 109.8333 132.1223 127.427 133.1995 131.0918 128.9907 138.8845 139.3523 137.6208 138.068 138.5269 109.0462 108.2448 108.0628 108.3357 108.5859 105.9637 106.1938 106.3472 105.4048 105.551 105.7151 105.8683 108.0341 105.6552 105.7618 108.6014 108.6825 108.7751 108.8099 108.8446 108.8446 105.3792 105.3579 105.3365 105.3152 105.129 105.0754 104.9682 104.8395 103.6724 103.5126 103.3208 103.1397 103.3484 103.0805 102.8019 102.459 102.1169 101.7633 101.3883 100.9704 100.8913 100.4121 99.90089 99.42167 102.2772 101.6646 102.4412 101.9271 100.1878 100.1659 99.43528 98.73734 99.03634 98.20502
-9999 -9999 75.77112 43.76945 41.19255 46.62755 128.5015 136.3825 129.8557 127.7851 162.3216 138.3817 136.6677 161.09 118.3628 108.3992 108.3926 108.6996 108.9839 107.9946 105.4158 105.6459 105.8651 106.0733 105.179 105.2337 105.3869 107.5513 105.1968 105.3034 105.41 108.0338 105.5997 108.1496 105.4078 108.1728 105.1872 105.1766 105.1446 105.1019 104.6143 104.5499 104.4427 104.3247 103.2036 103.0225 102.82 102.5856 102.7912 102.4912 102.1804 101.8483 101.4954 101.1204 100.7239 100.306 100.2097 99.7305 99.82634 99.8157 101.949 102.3975 101.8068 101.1286 100.0678 99.34804 98.67191 97.89761 98.18314 97.40652
-9999 -9999 170.9644 54.29268 51.74725 119.4466 127.7106 125.9091 136.2211 136.7486 137.2644 107.774 136.2 136.6842 107.7306 108.0608 107.8904 108.1979 108.494 108.7901 107.4693 107.3238 107.5477 107.7715 107.7183 107.9079 107.0266 106.5333 106.7852 106.9049 107.0136 107.1006 107.2063 107.2607 107.3042 103.8083 106.7645 106.7427 106.7101 106.6557 105.2161 105.1402 105.0752 104.9559 108.7323 108.5404 108.3034 108.0551 107.6653 107.3267 106.9767 106.6155 106.2202 105.8026 105.3963 105.5769 103.3256 103.4361 103.414 102.8392 106.3076 105.7162 105.0111 104.2945 103.2173 102.5367 101.7539 100.9939 101.2529 101.2871
-9999 -9999 93.84486 135.5106 54.09896 138.505 131.1806 135.3875 125.1779 135.6584 106.624 107.0186 107.537 106.6262 106.9905 107.3321 107.173 107.4804 107.7993 108.1182 107.8602 107.0776 107.3014 107.1447 107.6513 107.841 107.4617 106.0527 106.2089 106.3394 106.4481 106.5351 106.6626 106.6953 106.717 103.0471 106.2641 106.2423 106.188 106.1336 104.6415 104.5656 104.4571 104.3379 108.0664 107.8632 107.6262 107.3666 106.9654 106.6268 106.2769 105.8818 105.4866 105.6897 105.7913 105.3286 103.1598 103.1819 132.5766 102.4302 105.5001 104.8063 104.1012 103.3847 102.3778 101.6065 100.8691 100.9599 101.2188 100.3203
-9999 -9999 83.03687 51.02719 121.4152 127.3025 104.5242 104.93 133.8515 105.2185 116.2929 104.7696 104.4946 104.8563 105.2181 105.5686 106.9003 107.219 107.5378 107.8679 119.1701 107.3573 107.5916 107.8148 106.1015 106.2991 106.4638 106.6058 106.5228 128.1305 106.7509 106.8378 106.5664 106.599 106.6207 106.6099 105.5146 105.482 114.4926 105.4602 103.5514 103.4647 103.3454 103.2261 106.9457 106.7312 106.5054 106.2232 106.1584 105.8085 105.4812 105.6956 103.6035 103.1945 103.3603 103.4377 101.2547 101.3523 131.6113 130.7393 134.9646 133.9886 134.0592 104.2533 103.2482 102.4524 101.7135 100.8836 99.80801 98.89776
-9999 -9999 72.07101 128.9549 122.7541 143.5127 104.9188 105.3359 103.9953 104.4105 104.8257 105.2185 104.472 104.845 105.2294 105.5799 106.1376 106.4677 106.7865 107.1052 108.2138 108.4866 107.2346 107.0896 105.9259 106.1344 106.3101 105.951 105.871 127.2295 106.0991 106.1752 105.8819 105.9253 105.9579 105.9471 104.9924 104.9489 113.4721 104.8184 102.8682 102.7597 102.6296 102.4777 106.178 105.9748 105.7603 105.4668 105.3796 105.6505 105.8311 105.4021 103.4156 103.515 103.0397 102.5534 131.6566 131.181 130.3089 129.72 133.6123 133.6946 132.6716 103.2764 102.2478 101.5089 100.7017 100.7585 98.76123 97.8396
-9999 -9999 -9999 167.6686 53.21111 42.644 118.0947 110.6543 103.1536 103.5688 103.984 104.388 103.658 104.0311 104.4041 123.8761 105.3294 105.6595 105.9896 106.297 107.3954 107.6682 106.5428 106.7883 117.0964 106.5626 106.7163 105.2744 105.1649 105.2844 105.4039 105.4799 105.1756 105.2191 105.2517 114.452 112.6549 104.22 104.1547 104.0677 102.1307 102.0222 101.8921 101.7294 105.3991 105.1733 105.5458 105.7942 105.6956 105.3231 104.9394 104.5104 103.0729 102.6087 102.1334 107.0479 100.5937 100.0409 129.2443 128.3836 133.2713 132.2719 131.2371 130.1906 101.2701 100.4743 100.5653 99.68991 97.69169 96.77007
-9999 -9999 -9999 48.04 49.35313 60.44092 131.0495 123.7114 130.4113 102.7159 103.1312 103.5464 102.8327 103.1945 103.5562 103.918 104.4984 104.8399 105.17 105.466 106.5544 106.8385 105.7507 105.985 105.5526 105.7722 104.4451 104.6197 104.4588 104.5892 104.7195 104.7847 104.5672 104.5998 113.4206 104.6215 103.5346 103.4585 103.3715 103.2844 101.3824 101.2739 101.1004 100.9269 105.7152 105.4894 105.2184 104.9023 104.7926 104.4089 105.4812 105.12 102.1555 102.1776 102.7855 102.2881 99.71582 99.62912 128.9159 128.0212 134.4211 133.4139 132.3598 131.7039 101.111 100.3152 99.49664 98.6099 96.61078 96.22392
-9999 -9999 -9999 147.7885 122.55 55.03233 127.0674 136.2036 133.0244 128.9327 129.4955 101.9355 102.1478 102.5235 102.8195 103.1497 103.4387 103.7892 104.1283 104.4222 107.1318 107.4045 106.3931 105.3169 115.5658 105.3764 103.7374 103.912 104.4389 104.5698 104.6897 104.7551 103.7235 103.7452 103.767 103.7561 101.614 101.5381 101.4514 101.3538 101.6058 101.4865 101.3021 101.1178 104.8778 104.6408 104.3586 104.0425 105.0609 104.7447 104.3495 103.8979 102.7535 106.0114 101.7808 101.2613 99.6171 99.03201 99.4004 148.9871 123.959 125.992 111.9574 105.7766 129.5118 106.0513 99.09647 98.19879 96.01638 95.6411
-9999 -9999 -9999 81.74088 44.32785 99.01426 131.8053 118.2876 118.9071 127.7367 101.4282 101.8453 101.2711 101.6582 102.0339 102.3755 102.557 102.9187 103.2579 103.5631 106.2454 106.5181 106.7681 104.4467 104.3011 104.5205 102.9518 103.1263 112.8681 103.8394 103.9484 104.0247 102.9086 103.0172 103.0172 102.9955 100.7685 101.3213 101.7549 101.6357 100.7381 100.608 100.4128 100.2175 103.9974 104.7762 104.923 104.6747 104.1463 103.7511 103.356 102.8817 101.7477 101.2724 100.775 100.2333 99.5846 99.01034 98.37108 97.72098 104.6009 133.2916 107.8681 104.0878 106.9864 104.0789 100.6129 97.07386 95.43639 94.52661
-9999 -9999 -9999 162.6564 108.9421 142.5963 156.1148 99.59389 108.2842 100.1994 100.5263 100.9322 112.151 109.2557 101.2142 101.5671 101.7656 102.0143 102.3422 102.6587 105.3362 105.5976 105.859 106.0976 103.4122 103.6207 102.0788 102.2534 102.8475 115.1684 111.9826 103.1418 102.1371 102.148 102.1589 102.1154 100.9853 100.9202 100.8335 100.7251 99.8813 99.70777 100.5321 100.326 104.5505 104.2796 103.9748 103.6361 103.1076 102.7011 102.2833 101.8204 100.6865 100.2112 99.70276 99.23852 98.52277 97.92683 97.34174 96.68082 170.7155 144.355 42.72 45.38 150.5325 148.3194 144.6743 95.91484 94.2878 93.37801
