Data/Raw/GIS/Recharge/Climate_scenarios/workspace/final_net_infil_4p5.asc
ncols         700
nrows         400
xllcorner     514975
yllcorner     8408975
cellsize      50
NODATA_value  -9999
[rows 186 to 216 of 400, columns 210 to 279 of 700]
102.7151 117.1382 103.2049 103.2049 103.161 103.1281 134.0194 133.9624 146.0259 133.8598 102.8259 102.8259 102.8149 102.8259 102.8342 102.8563 102.8893 102.9334 104.14 119.5876 -9999 -9999 -9999 -9999 -9999 -9999 129.832 105.1492 120.3208 105.5128 106.0662 106.709 116.9348 107.2459 106.7864 111.7769 120.2887 112.4005 112.924 113.2868 113.6723 114.069 114.8641 115.2947 115.6461 116.1107 116.7725 117.2479 117.6554 118.1194 118.7535 119.2061 119.7154 120.2133 120.3158 120.8138 121.3345 121.8438 120.8626 121.3927 121.4829 122.0243 121.3239 121.877 122.4414 132.8391 123.1907 123.7889 124.3871 124.9966
103.7584 117.3661 104.2918 104.2479 104.2039 104.16 118.2036 118.5988 135.0797 135.0341 103.858 103.891 103.891 103.9019 103.9142 103.9363 103.9583 104.0024 104.6911 104.7572 104.8343 -9999 -9999 -9999 -9999 105.7054 106.0087 106.163 106.3173 106.5266 107.5367 107.794 108.0624 108.342 107.8694 112.8313 113.1488 121.7394 113.967 114.3071 114.6926 115.0553 115.8161 116.2241 116.6434 117.0741 117.6667 136.2437 118.5835 119.0023 119.6248 120.1114 120.4509 120.9602 121.1987 121.6967 122.172 122.24 121.6634 121.7423 122.2611 122.7912 122.0802 122.6333 122.7349 123.288 123.9018 124.4887 125.0757 125.6739
104.5473 104.5143 104.5872 104.5323 104.4773 104.4334 105.1787 105.1458 105.1019 136.561 104.7977 104.7867 104.7867 104.8087 104.5117 104.5337 104.5558 104.5998 105.3376 105.3817 105.4699 -9999 -9999 -9999 -9999 106.7624 106.7568 106.856 107.0214 107.2198 108.6402 108.8974 119.4288 109.2553 108.7201 109.0104 113.9817 114.2992 114.3098 114.6387 114.979 115.3646 116.0264 116.4346 116.8315 126.0443 117.9983 118.4399 127.5714 119.2891 119.3086 119.7841 120.1238 135.7496 119.6841 120.147 120.6438 121.1292 120.8576 121.3546 121.3998 121.9081 122.2428 122.7847 122.875 123.4169 124.4131 124.9775 125.5532 126.129
119.3671 105.0966 105.6633 105.6084 105.5645 105.5096 106.2653 120.6257 106.1665 138.0545 105.8515 105.8515 105.8405 105.8625 105.5696 105.5806 105.6026 105.6357 106.374 121.423 106.5063 -9999 -9999 -9999 -9999 107.7212 107.7158 107.8812 108.0575 108.2449 109.535 109.781 110.0383 110.2955 109.5687 109.859 114.9796 115.2517 115.2625 115.6027 124.6488 116.1811 116.9676 117.3645 117.7614 118.1016 118.9041 127.9802 119.708 119.991 120.0106 120.4748 120.939 121.4259 129.5393 120.9373 121.4115 121.4228 121.6031 121.6257 131.6808 122.6084 122.9314 122.9992 123.5298 124.0717 125.0565 125.5984 126.1515 126.7047
106.2061 106.1621 106.6627 106.6187 106.5748 106.5199 107.2641 107.2092 107.1543 139.5138 106.8394 106.8285 106.8285 121.1498 106.5393 106.5503 106.5614 106.5944 107.3442 107.3994 107.4655 140.1752 141.3836 141.5211 148.1359 108.5147 108.5095 108.6748 108.8512 110.0472 110.5975 110.4521 110.687 110.5304 110.5847 110.4731 110.7746 116.0908 116.1018 116.4307 116.7709 117.1225 117.8181 118.2036 118.6005 118.9974 119.5947 120.0023 129.0962 120.8289 120.8372 121.2901 121.743 122.1846 121.2421 121.6712 121.6937 122.1566 121.8516 122.326 122.8004 132.9381 123.1459 137.9807 124.162 124.6926 136.5599 126.1967 126.7273 127.2578
107.0519 107.008 107.5741 107.5192 107.4753 107.4204 108.1531 108.0982 108.1861 140.9618 122.2945 107.8493 107.8493 107.8603 107.5531 107.5642 107.5752 107.6082 108.3586 108.4027 108.4688 108.546 142.6793 142.8054 142.966 109.4516 109.4574 109.6228 109.7881 110.6152 110.8436 111.0114 126.0142 111.4588 121.4994 110.9755 132.2258 117.032 117.0091 117.338 117.6782 117.9617 118.7139 119.0768 119.4169 128.9698 120.4439 120.8289 121.2251 121.6327 121.6184 122.026 122.479 122.5016 121.9534 121.9534 122.3937 122.834 131.7494 122.9811 123.0037 123.4781 123.7668 124.2523 135.4806 125.257 126.208 126.7273 127.2465 138.388
121.2429 107.6788 107.869 108.3303 108.2754 108.2205 108.7072 109.1681 142.6833 142.6149 128.55 123.8695 108.605 133.8463 108.2262 108.2372 108.2592 108.2813 108.5848 123.6895 108.7061 108.7722 109.8401 143.8434 143.9925 144.1875 110.5263 110.6806 111.5174 111.7179 111.2307 111.4428 121.8252 122.0452 111.5358 111.7923 112.0712 117.8642 117.7278 117.9773 118.3061 118.6349 118.8239 119.187 119.3685 119.743 119.3821 135.4802 120.1273 120.5224 129.6287 119.959 120.3884 120.829 119.8717 120.2895 120.7073 121.1364 121.9017 131.2801 122.8065 122.8065 124.1921 124.6663 125.1405 125.626 126.9057 127.4136 127.9103 128.4069
108.1969 108.1639 108.6158 108.5609 108.517 108.4621 109.651 109.5961 109.5303 109.4864 145.8658 109.066 109.5818 109.5708 108.8214 108.8435 108.8655 109.0309 136.222 109.3784 109.4335 109.4996 110.6558 110.755 145.3 145.4835 111.3309 111.4962 122.7251 112.6982 112.1906 112.3915 112.6036 112.8269 112.4617 121.9334 112.986 113.1645 118.3968 118.6916 119.0091 119.3265 119.4707 119.8224 120.1855 120.5373 120.1386 130.9594 120.8837 121.2676 120.2641 120.6709 121.0776 121.4957 120.5266 120.9445 121.3397 121.272 122.4899 122.9196 122.9083 123.3494 124.7227 125.1744 125.626 126.1002 127.3572 127.8425 128.3279 128.8133
110.4766 110.443 111.793 111.7369 111.6921 111.6361 112.8792 112.812 112.7448 125.0375 134.4595 134.2661 112.2226 112.2114 112.4134 112.4247 112.436 112.4585 112.7746 112.8198 112.8875 112.9439 114.194 114.2842 147.453 147.6376 115.186 115.3443 112.0511 111.996 111.8901 112.089 112.0558 112.2658 112.02 112.2632 120.9574 112.7717 117.5807 117.8602 118.1174 118.4192 118.2324 118.5558 118.9016 119.2251 119.5461 132.6092 120.2272 120.5957 119.1234 119.5129 133.4034 120.2698 118.55 118.9368 133.6204 119.2463 120.2029 120.6118 120.5676 120.9764 122.9903 123.4229 123.8555 124.2992 126.4558 126.9138 127.3719 127.8412
111.3937 111.3601 112.7231 112.6895 112.6334 112.5774 112.9128 113.764 113.708 113.652 113.186 113.1748 113.1636 113.1524 112.8198 112.8198 112.8423 112.8649 113.1471 113.181 113.2487 113.3164 114.6113 114.7016 148.4911 148.6641 198.4997 112.4034 112.5575 112.0841 112.4094 112.5751 112.774 112.995 112.7275 112.9375 113.1917 112.3516 113.1732 118.6317 118.9223 119.213 118.9909 119.3032 119.6266 119.9389 120.2272 120.5734 133.4465 121.2545 119.7355 120.1028 120.0472 120.4256 119.0695 119.0031 119.39 119.7658 120.7112 120.6449 121.0206 121.4074 123.4007 123.8222 124.2548 124.6652 126.8133 127.249 127.696 128.1317
111.2901 111.2454 112.8646 112.8309 112.7861 126.2909 113.7476 113.6916 113.6468 113.602 113.8235 113.8011 126.1993 113.7786 113.3618 113.3505 113.373 113.3956 114.1568 114.2019 114.2584 114.3261 116.0082 116.0986 150.549 150.7222 223.8518 120.4127 112.0429 112.219 112.7796 111.9398 112.0061 112.205 113.3677 112.4943 112.6822 112.9144 123.0221 132.306 119.7229 135.7105 132.826 132.657 132.8373 120.4065 117.8862 118.1956 118.516 118.8253 117.8273 118.1811 129.7946 118.8886 121.1744 121.5195 121.8868 121.7978 125.0559 125.4251 125.7944 126.1748 126.6115 127.0135 127.4267 127.8399 128.6417 129.0559 129.47 129.9065
112.1402 112.0955 113.3464 113.6937 113.6713 113.6265 113.9827 114.3075 114.2739 114.2291 113.8123 113.7786 113.7562 113.7562 114.2537 114.2424 114.2424 114.2649 115.0371 115.0822 115.1387 115.2064 115.9516 116.0421 150.9069 151.0685 116.5251 112.7473 112.9123 121.7002 122.63 112.6801 112.8569 113.0337 112.3948 112.6048 112.8149 113.0249 113.0588 120.2149 120.4608 120.6956 120.228 120.4957 120.7635 133.5728 118.5381 118.8253 119.0794 119.3777 118.3912 118.7228 119.0324 118.9329 121.6642 122.0093 121.8868 122.2096 125.4699 125.8168 126.1748 126.5441 126.9577 127.3373 127.717 128.119 128.9104 129.2797 129.6827 130.108
112.554 112.9008 114.0971 114.0635 114.0859 114.0523 114.7555 114.7667 114.7219 114.6883 114.3948 114.3612 114.3276 114.3164 114.1746 114.1633 114.1746 115.1004 114.6647 114.7098 114.7662 115.7481 116.7658 116.8563 152.0615 195.5714 113.4076 113.5507 113.7048 113.8589 113.2768 113.4536 113.6193 113.7961 113.1355 113.3456 113.5556 113.7104 113.7222 113.9434 121.1205 121.3665 120.8638 121.1204 121.3881 134.5437 119.0684 119.3446 119.6208 119.4772 118.8665 119.1761 119.0545 119.364 122.0761 121.9425 122.2542 122.5658 125.7944 126.1301 126.477 126.8126 127.2033 127.5607 127.9292 128.3089 129.0671 129.4364 129.817 130.1976
113.2475 113.214 114.6125 114.5789 114.5565 114.5229 115.5618 115.5282 115.4834 115.4498 128.6683 128.4381 114.7757 114.7533 114.7165 114.7165 114.7165 114.7278 115.4772 115.5111 115.5675 115.624 117.5687 117.6478 117.7609 117.874 114.2001 114.3432 114.4862 114.5853 114.0502 114.216 114.3265 114.4922 113.8873 114.02 114.23 114.4401 114.4188 114.6179 121.8025 122.0261 121.4885 121.7339 121.5555 121.812 119.6098 119.8749 119.7202 119.9854 130.779 119.2093 119.4856 119.7841 122.0315 122.3098 122.6104 122.9109 126.1189 126.4322 126.7567 127.07 127.4379 127.7729 128.1302 128.4764 129.2126 129.5708 129.6603 130.0073
115.2012 115.1676 116.0338 115.989 115.9666 115.9442 116.4321 116.3985 116.3649 116.3425 115.46 115.4264 115.404 115.4264 115.4552 115.4439 115.4439 115.4552 116.5466 116.5691 116.6256 117.0543 117.4488 117.5279 117.6296 117.7313 115.2332 123.7287 115.4973 115.4423 115.0918 115.2354 115.4011 115.5667 114.8073 114.9841 115.1721 115.371 115.101 115.3 115.499 122.2223 121.5107 121.7339 121.533 121.7674 119.128 119.3712 119.6254 119.4485 143.5594 120.5366 120.7908 121.0449 124.9127 125.1794 125.4461 125.7239 127.1545 127.4426 127.7418 128.041 128.9884 129.3008 129.6243 129.9478 130.011 130.3345 130.6581 130.9482
115.9409 115.896 116.7732 116.7284 116.6947 116.6723 116.1969 116.1745 116.1409 116.1297 116.1994 116.177 116.1546 129.1496 115.8164 115.8164 115.8164 115.8277 117.2912 117.3138 117.3589 131.2471 117.8894 117.9685 117.8103 124.6104 115.7614 115.8824 124.6286 124.9307 133.4404 125.9916 116.0748 116.0307 115.4816 115.6474 115.8242 116.0011 115.7312 115.9192 116.0961 122.7925 121.6335 121.8343 122.0352 122.2584 119.6033 133.9723 134.1414 119.8685 120.6803 120.9123 121.1444 121.3764 125.2238 125.4683 125.7128 125.9684 127.3762 127.6421 127.908 128.1851 129.1223 129.4123 129.7024 130.0036 130.0444 130.3345 130.6357 130.9035
116.6581 116.6021 116.5267 116.4819 116.4371 116.4035 116.88 116.8576 116.8352 131.8543 116.894 116.8716 130.6127 116.838 116.4825 116.4712 116.5276 116.5276 117.9456 117.9794 118.0697 118.1261 118.2961 118.3639 118.5108 116.4567 116.4656 116.5757 116.6857 116.8068 116.4393 116.362 126.8308 134.1885 126.7877 116.2775 116.4322 116.388 116.3061 116.472 116.4278 123.318 122.1245 122.3142 122.515 122.7159 120.0343 119.8133 120.0233 120.2222 121.0118 121.2217 121.4317 121.2107 125.4794 125.7017 125.924 126.1462 127.5202 127.764 128.0078 166.9261 129.178 129.457 129.7247 129.9924 129.9998 130.2787 130.5465 130.8254
117.3642 117.297 117.1652 117.1204 117.1092 117.0644 117.5071 117.4847 117.5071 117.4959 117.555 131.3758 117.5326 117.5101 142.2882 117.1485 117.1485 117.1485 117.6635 117.6974 117.4492 117.4943 118.9627 119.0418 119.1209 117.128 117.1369 117.2469 117.346 117.456 116.859 127.5123 117.1241 127.8065 116.6975 127.4231 116.797 127.6516 116.6378 127.8324 116.9585 117.1133 122.6043 137.5563 137.762 135.8948 120.0012 120.178 120.3659 120.5538 121.3212 121.498 121.2438 121.4427 125.6906 138.8463 126.0907 126.2907 127.631 127.8416 128.0743 166.9835 197.6356 129.4458 129.6912 129.9367 129.9217 130.1783 130.4238 130.6581
118.2405 118.1621 118.1721 118.1161 118.0826 118.0378 117.8664 117.844 117.8216 117.7992 117.6941 117.6829 117.6605 117.6605 118.0326 118.01 118.01 118.0213 118.8809 118.9035 118.9488 119.0053 119.8432 119.9562 148.7993 131.8341 125.1245 117.7055 117.7936 117.9036 117.1791 117.2896 117.4111 117.5548 117.0313 128.0937 128.1703 117.2635 116.909 117.0417 117.1854 139.5751 122.6319 122.7769 122.922 123.0783 120.0538 120.2197 120.3965 120.5513 123.5099 123.6663 123.8339 123.9903 126.5273 126.7161 126.8827 127.0604 127.9894 128.1773 128.3764 167.6653 169.04 130.1776 143.8072 130.6237 130.8862 131.1092 131.3322 131.5552
118.6212 118.5316 118.8212 118.7652 118.7093 118.6533 118.4822 118.4486 140.3789 118.4038 117.3467 117.3355 117.3243 117.3131 118.6535 118.631 118.631 118.631 119.4463 119.4689 119.5594 119.6046 120.4193 134.6659 117.9774 117.9555 118.1788 118.2668 132.4975 118.3438 117.7536 117.8531 117.9635 118.0961 117.3409 117.4735 128.8058 117.7499 117.3845 117.5172 117.6388 129.0126 117.1257 123.1564 123.2904 123.4243 120.3634 120.5071 120.6618 120.8055 137.4131 123.8674 124.0015 124.1356 126.6606 126.8161 126.9605 127.1049 128.0115 128.1773 167.3324 167.5849 182.2607 130.055 130.2445 130.4564 130.6966 130.8862 170.5782 131.2876
119.282 119.1924 119.4703 119.392 119.336 133.8791 145.8844 133.6901 134.0404 118.9861 117.5932 117.5932 117.582 117.5708 117.9875 117.9649 117.9649 117.9649 120.0117 120.0343 120.0683 120.1135 121.0067 121.0745 133.2652 118.5579 118.608 118.696 118.8281 118.9051 118.2839 118.3834 118.4828 118.6043 117.8494 117.971 118.0926 118.2253 117.8489 117.9706 118.0701 118.1807 117.5138 123.5136 123.6252 123.3015 120.6618 120.7834 120.905 121.0156 123.9233 124.035 124.1579 124.2696 126.7605 126.8716 127.0049 127.1271 128.0004 128.1442 167.2521 167.4472 168.7283 129.91 130.0661 130.2445 130.4624 169.9316 170.1625 170.405
119.5955 119.8195 119.7613 120.0075 119.9292 119.862 119.658 119.602 119.5572 119.5348 118.12 118.1087 118.0975 118.0863 118.4955 118.5181 118.5181 118.5181 120.5658 120.5771 120.611 120.645 121.4925 117.7145 117.7912 117.8569 119.1473 119.2243 119.3013 119.3784 127.9082 118.8474 118.9358 128.0122 118.3137 118.4132 118.5348 118.6454 118.247 118.3576 118.4572 118.5456 117.6468 123.3797 123.469 123.5583 120.894 120.9935 121.093 121.1814 124.0574 124.1579 124.2473 124.3479 126.805 126.8938 126.9827 127.0826 127.9341 128.0557 167.0684 167.2176 168.4512 168.6244 129.8319 129.9769 130.1502 169.4466 169.6429 169.8508
119.6218 119.521 136.933 119.5354 136.5543 120.3076 133.9995 119.2821 119.2373 119.2037 117.5857 117.5746 117.5634 117.5857 119.7386 119.716 119.716 119.716 121.7517 121.763 121.7856 121.7743 121.7691 118.3769 127.4537 118.575 118.8044 118.8705 118.9366 119.0687 118.6989 118.7762 128.6286 118.9862 118.6262 118.7257 118.8252 118.9247 118.4056 118.494 118.5825 118.6268 117.7115 117.7671 121.9618 121.5866 121.2946 121.383 121.4604 121.5046 126.1593 126.2264 126.3047 126.3831 127.2966 127.352 127.4184 127.4849 127.8051 127.8823 167.0805 167.1837 168.853 168.9915 130.0435 130.155 169.2978 169.4594 262.7166 169.7826
136.7538 137.1773 120.039 119.9383 119.8376 119.9047 119.8758 119.8086 119.7526 119.7078 118.0776 118.0776 133.9306 118.0553 120.235 120.2238 120.2125 120.2125 122.2374 122.2035 122.2374 122.26 122.2553 165.517 118.9051 118.9712 119.2669 119.3329 119.2999 119.366 119.152 119.2184 126.84 128.9656 119.0132 128.7429 128.732 133.2283 130.761 118.8037 118.8369 118.9033 117.9784 141.1637 121.73 121.7742 121.4493 121.5046 121.5599 121.6041 126.2264 126.26 126.3047 126.3495 127.2412 127.2744 127.3187 127.363 127.6396 127.6948 166.7594 166.8167 168.4375 168.5414 168.6337 168.7261 168.6975 262.0762 276.0073 169.0785
121.8186 121.6831 121.6402 121.5161 121.4145 121.3016 121.0276 120.9486 121.2083 121.1631 119.6589 119.6477 119.6251 119.6251 120.3549 120.3549 120.3437 120.3212 122.175 122.175 147.0956 137.8138 114.8468 114.8786 126.1609 114.9739 115.6594 115.6272 125.8326 116.9708 116.241 116.2947 116.3484 116.3054 117.467 117.5431 117.5649 117.5322 116.9928 125.6791 117.0689 117.1232 116.1092 116.142 122.4196 122.4418 122.1803 122.2137 122.247 122.2692 126.243 126.0305 125.9969 126.0081 126.689 126.7 126.711 126.7331 129.069 129.0913 167.9201 167.9433 169.4487 190.8016 263.1259 263.1775 263.1616 263.226 263.3162 169.8055
122.3828 122.2361 122.1819 122.0465 138.1076 121.8095 120.4066 120.4856 121.3551 121.2986 119.8733 133.477 119.8395 119.8282 120.8049 120.7824 120.7824 136.3041 137.3301 137.4606 137.3584 122.67 115.2706 115.2918 115.3235 115.3341 115.9712 125.8997 116.0786 116.0894 116.617 116.5633 116.574 116.617 117.7607 117.7172 117.7607 117.8043 117.221 117.2645 117.2971 117.3297 116.3057 127.4087 116.3057 122.5637 122.2803 122.2803 122.2803 122.2692 125.9634 125.941 125.9186 125.8963 126.5455 126.5344 126.5234 126.5124 128.8121 167.5035 167.4803 167.4572 168.9015 262.6087 262.6216 262.6474 262.5945 276.3567 168.8625 168.9207
122.897 122.7503 122.1121 121.9653 121.8299 121.7057 121.0779 120.9648 121.2023 121.1344 121.1193 121.1079 121.0853 121.0627 120.3476 120.3252 121.254 121.5561 121.5876 121.5989 122.9152 122.9377 116.5529 116.5852 116.6067 116.6497 115.9246 115.9676 115.9246 117.1827 116.8612 116.7752 116.8182 116.8397 117.8657 117.8983 117.8222 117.8548 125.659 116.804 116.8257 116.8366 128.4964 115.5023 115.4804 122.192 123.9748 123.9301 123.8967 123.8632 126.0801 126.0359 125.9807 125.9255 128.5098 128.4763 128.4316 128.3981 128.2908 167.058 167.0002 166.9193 168.23 262.0499 262.0112 262.0241 261.7229 261.71 128.9678 128.9903
123.3936 123.2243 122.6313 122.4733 122.3152 122.1798 120.3995 120.2864 121.3041 121.2362 121.2097 121.515 121.4811 121.4585 120.7392 120.7168 120.6945 120.6273 121.9814 121.9814 122.0039 131.178 126.903 116.9506 116.9828 117.0151 116.1827 116.2149 116.258 116.258 117.0116 117.0868 117.1083 117.119 118.1377 118.0507 118.0615 118.0833 125.8921 116.9997 116.9997 116.9888 115.6443 126.3241 115.5897 115.546 124.0082 123.9413 123.8744 123.8074 126.0028 125.9255 125.8372 125.7489 128.2976 128.2305 128.1635 128.0965 127.9567 166.5264 166.4224 166.3068 167.578 261.4828 261.4184 261.3797 261.0516 128.3486 128.3261 128.3036
123.9015 123.7209 123.1054 122.9361 139.2746 122.6313 120.8291 135.6967 135.4936 120.5126 121.6055 121.5715 121.5263 121.8429 121.1085 121.0749 121.019 120.9966 122.3527 122.3527 122.3639 156.5409 117.2837 117.2945 117.2945 117.3267 116.516 116.5375 116.5268 116.559 116.0875 117.3232 117.3876 117.3876 118.3009 118.2901 118.2901 118.2901 117.1737 117.1737 117.1411 117.1193 115.7536 115.7099 115.6662 115.6006 124.0194 123.919 123.8186 123.7293 125.8813 125.771 125.6605 125.5391 128.063 127.9624 127.8619 127.7614 127.6004 165.9602 165.81 165.6482 166.8795 260.9028 260.7868 260.7095 260.3416 127.707 140.3058 127.5945
124.3755 124.195 123.523 123.3876 123.2183 123.049 121.2475 121.1005 120.9761 120.897 120.8479 120.9723 120.927 121.8429 121.3994 121.377 121.3547 121.3323 122.6902 122.6902 150.441 116.6694 117.6169 117.6276 127.5587 117.6384 116.7418 116.7956 126.6522 116.8386 116.3561 116.3454 117.624 117.624 118.5294 118.5077 118.4859 118.4642 117.315 117.2933 117.2607 117.2172 115.8301 115.7755 115.7099 116.2672 123.9859 123.8521 123.7293 123.6066 125.7268 125.5943 125.4508 125.2962 127.7837 127.6608 127.5268 127.3927 127.1996 165.3362 165.1282 164.9317 260.3873 260.2584 260.1295 260.0006 272.6822 164.4469 139.4633 126.874
124.0245 123.8439 122.5643 137.5712 122.2026 122.0217 136.5673 121.3036 121.1679 121.0661 122.2691 122.2126 122.1675 122.1336 121.6449 121.7903 121.768 121.7456 148.4854 138.4244 117.679 117.6683 117.0951 117.0091 117.0199 117.0306 126.9555 84.29816 117.1558 117.1558 116.772 124.4785 116.7935 116.7935 118.4038 118.3712 118.3277 118.2951 117.5052 117.4285 117.3957 133.9094 126.7272 116.0662 115.9679 116.4923 119.0919 125.8677 125.7111 125.5545 128.233 128.0543 127.8756 127.6969 127.6292 127.4622 127.3064 127.1394 126.8139 164.7443 164.49 257.5356 259.4931 259.3384 259.1708 272.3807 261.4076 163.0958 162.9093 126.214
