Data/Raw/GIS/Recharge/Climate_scenarios/workspace/final_net_infil_4p5.asc
ncols         700
nrows         400
xllcorner     514975
yllcorner     8408975
cellsize      50
NODATA_value  -9999
[rows 279 to 309 of 400, columns 140 to 209 of 700]
-9999 -9999 -9999 -9999 -9999 -9999 -9999 -9999 -9999 -9999 -9999 -9999 -9999 83.84852 -9999 -9999 -9999 -9999 -9999 126.7269 5.32 -9999 -9999 78.2374 -9999 79.3229 83.71645 125.5865 77.95091 81.31269 93.62222 91.95996 87.42432 93.16843 104.0125 99.25197 103.0442 90.3819 89.81196 90.19952 91.53506 91.387 91.75146 92.1273 92.24389 92.62496 92.99483 93.46416 274.3544 275.0196 275.6847 276.3499 278.1672 278.7949 279.4879 280.181 281.4585 294.56 243.9129 211.7696 243.8035 246.9142 254.9526 117.4834 120.4798 125.2207 118.3959 118.7352 116.9527 117.2574
-9999 -9999 -9999 -9999 -9999 -9999 -9999 -9999 -9999 -9999 -9999 -9999 -9999 -9999 -9999 -9999 -9999 -9999 -9999 123.3861 -9999 -9999 -9999 31.96206 87.0578 40.3611 144.9763 87.22359 85.03888 85.63882 95.14039 90.18227 86.49229 86.90838 87.30199 87.68435 89.3265 89.6798 89.10997 89.47466 96.69595 101.6055 90.13482 90.49577 90.86662 91.23659 99.87721 99.88499 244.7668 272.1316 272.7972 273.4366 275.4738 276.1671 276.8474 277.5277 281.6394 304.1573 212.0305 215.1395 248.4367 244.4549 244.9543 126.0888 122.7718 117.109 115.9321 115.9557 115.6284 119.2129
-9999 -9999 -9999 -9999 -9999 -9999 -9999 -9999 -9999 -9999 -9999 -9999 -9999 -9999 -9999 -9999 -9999 -9999 86.59462 81.11208 101.3645 39.52387 7.98 31.70743 97.03365 85.8056 96.93356 83.50961 81.29702 84.6263 96.76655 91.50114 85.68258 86.04245 86.4248 86.79592 60.11856 88.75667 89.10997 233.6537 238.8816 230.2455 90.15273 92.2095 100.1035 90.20516 91.41225 98.42579 243.3418 270.5004 271.1659 271.6749 273.6946 276.943 275.0813 275.7878 250.5573 295.4074 295.9601 245.847 252.4615 246.2173 257.8206 114.9096 115.319 115.6817 114.4706 114.8478 121.8868 119.041
-9999 -9999 -9999 -9999 -9999 -9999 -9999 -9999 -9999 -9999 -9999 -9999 -9999 -9999 -9999 -9999 -9999 -9999 -9999 68.2921 79.55716 47.39951 36.74554 71.93923 136.261 95.23235 110.6058 77.1024 80.43028 89.14115 86.9107 84.6613 91.74639 85.21024 85.57011 85.92999 59.29284 87.84495 232.7663 204.1738 237.4026 240.7907 235.0424 232.757 233.2616 242.858 240.4646 238.08 244.3078 241.775 245.1246 270.0959 263.4372 247.4271 244.512 245.1233 246.5553 246.8822 294.5533 241.8134 238.899 247.7379 108.5063 114.3246 121.3892 120.3715 115.4828 115.0149 117.5392 115.0661
-9999 -9999 -9999 -9999 -9999 -9999 -9999 -9999 -9999 -9999 -9999 -9999 -9999 -9999 -9999 -9999 -9999 -9999 -9999 -9999 124.1272 84.8565 79.64082 69.06579 28.6849 97.40323 94.81802 99.64066 88.04958 96.8422 80.5357 25.15509 92.96089 84.47927 84.79415 87.85623 89.42309 87.00159 231.7745 232.1399 232.0886 231.9327 230.8599 174.4805 246.9507 246.9825 225.9065 172.6028 237.2828 249.4501 250.3531 77.36093 30.4926 225.7173 246.8272 246.5079 226.7691 251.233 76.66553 100.5585 100.7418 183.4401 121.5893 113.0845 113.5057 113.7747 114.1491 114.5001 116.3584 116.645
-9999 -9999 -9999 -9999 -9999 -9999 -9999 -9999 -9999 -9999 -9999 -9999 -9999 -9999 -9999 -9999 -9999 -9999 -9999 -9999 -9999 71.31943 66.09571 100.616 91.55688 87.76991 89.06809 83.92363 96.05052 79.05789 79.53817 74.42429 100.4077 86.60715 89.41422 82.602 280.813 230.9834 234.1233 231.6489 234.4321 226.1698 173.9873 224.314 281.071 288.0002 277.5894 277.1161 219.7114 135.4038 140.7492 133.7218 145.6385 147.357 145.9531 70.82771 70.94189 142.4065 76.3756 104.7588 128.8874 41.85587 122.9134 117.8714 112.2539 115.4482 115.7563 116.0644 115.2429 111.4795
-9999 -9999 -9999 -9999 -9999 -9999 -9999 -9999 -9999 -9999 -9999 -9999 -9999 -9999 -9999 -9999 -9999 -9999 -9999 -9999 -9999 -9999 76.63427 82.10271 137.8283 134.3441 88.21961 68.15475 80.59921 81.07757 90.05245 84.94792 76.84888 89.4086 70.89693 224.231 225.5335 268.584 223.7801 233.5248 280.8739 136.6914 136.943 34.35218 129.5806 135.5274 103.0934 106.6281 82.37643 88.01131 88.56974 89.12818 109.6023 116.8313 35.75274 31.7508 89.10318 70.78619 81.55959 84.31699 150.7354 41.57917 102.3698 110.8032 116.5155 114.3298 114.6607 114.9803 114.1351 110.3544
-9999 -9999 -9999 -9999 -9999 -9999 -9999 -9999 -9999 -9999 -9999 -9999 -9999 -9999 -9999 -9999 -9999 -9999 -9999 -9999 -9999 -9999 74.09787 79.46304 96.09634 68.99212 126.1893 129.3769 82.82627 80.35419 89.29056 86.93065 84.56758 85.5098 74.91652 220.6641 237.6093 230.8262 280.2952 137.8072 132.5046 34.33453 97.35648 83.87069 26.01439 74.57508 108.1382 97.24133 97.53544 86.7903 87.41798 96.73992 94.25847 89.14429 32.8016 95.91354 88.19026 85.25431 46.61921 108.1594 43.27753 150.2378 36.17134 93.29537 100.254 100.6255 100.9971 99.3006 113.6326 109.1707
-9999 -9999 -9999 -9999 -9999 -9999 -9999 -9999 -9999 -9999 -9999 -9999 -9999 -9999 -9999 -9999 -9999 -9999 -9999 -9999 -9999 -9999 112.7203 77.08411 33.63069 93.217 95.18234 94.79618 117.2907 121.6131 77.75764 77.81705 89.81004 97.99412 79.02205 76.89593 218.574 228.6267 144.9963 92.93369 96.04337 36.56028 91.24249 83.25434 80.70956 81.0815 88.7621 89.15379 93.74766 104.3935 95.07698 95.36596 96.39237 104.582 102.9832 89.26554 92.55145 35.59174 37.34333 104.9288 105.0788 100.1783 123.3897 104.345 102.0271 99.6619 99.82446 100.1844 92.89044 112.9132
-9999 -9999 -9999 -9999 -9999 -9999 -9999 -9999 -9999 -9999 -9999 -9999 -9999 -9999 -9999 -9999 -9999 -9999 -9999 -9999 -9999 82.58498 117.7607 131.9508 33.50976 88.11108 83.95094 75.91853 32.3018 29.67826 130.1149 124.4838 128.1472 77.88793 21.93511 125.6929 133.7156 114.3736 94.81985 92.52589 86.94335 90.10809 98.82771 88.21445 79.68852 80.08872 85.10406 62.05182 93.09806 81.9822 102.0549 91.64121 92.57969 93.12537 96.42709 99.70898 100.2279 103.4776 95.2191 89.98604 98.93449 146.2617 73.35835 117.6475 94.86291 101.2982 116.0971 98.54773 99.18291 99.51807
-9999 -9999 -9999 -9999 -9999 -9999 -9999 -9999 -9999 -9999 -9999 -9999 -9999 -9999 -9999 -9999 -9999 -9999 -9999 -9999 99.82349 103.0534 132.7784 91.54139 86.17249 83.00333 86.2892 74.95812 72.97879 84.7592 81.71302 79.65413 124.1936 121.792 127.5299 76.38472 70.84312 85.355 85.75513 91.64166 27.90195 83.30653 89.70256 87.26398 56.82641 84.06766 88.65124 80.29566 71.34101 81.33531 92.91571 90.81851 91.53477 92.08045 92.61452 93.1486 101.0045 90.89044 99.74168 97.88495 100.6519 141.9276 102.027 79.53873 103.1797 97.68818 97.87394 98.22224 98.09655 98.42016
-9999 -9999 -9999 -9999 -9999 -9999 -9999 -9999 -9999 -9999 -9999 -9999 -9999 -9999 -9999 -9999 -9999 -9999 -9999 -9999 124.6996 83.85925 135.3633 96.95824 95.06866 99.99688 94.62878 88.05027 82.84773 85.97829 89.0874 90.72139 78.42371 128.3507 81.70478 118.868 76.27746 73.66109 115.2734 128.0846 83.97085 87.06559 93.49635 59.38775 88.69567 88.3222 85.35487 85.7436 86.52462 89.98337 90.49809 91.01282 91.24469 91.75921 92.29711 92.82331 93.34953 99.33143 102.3204 91.49812 91.96169 138.9477 96.20274 102.539 97.033 106.837 97.80476 98.09711 98.20837 98.33672
-9999 -9999 -9999 -9999 -9999 -9999 -9999 -9999 -9999 -9999 -9999 -9999 -9999 -9999 -9999 -9999 -9999 -9999 -9999 82.79977 85.54234 36.14845 144.5685 92.82941 82.05463 84.26226 87.41385 73.65872 79.25608 77.15281 124.1161 130.4283 127.3857 92.17871 90.88972 87.03474 90.84366 78.85262 82.94389 80.36945 122.194 114.8753 87.10619 90.29469 87.10558 87.51502 94.92613 88.28616 85.92368 86.29092 89.60902 90.11205 90.56646 90.81203 91.32655 91.84106 92.36726 92.87009 93.20413 99.12663 88.26478 135.0848 89.09088 98.07829 98.76071 25.02647 96.46068 97.11485 97.23994 97.56664
-9999 -9999 -9999 -9999 -9999 -9999 -9999 -9999 -9999 -9999 -9999 -9999 -9999 -9999 -9999 -9999 -9999 -9999 -9999 67.35346 81.93707 88.84248 133.6265 81.30516 86.5812 84.21494 81.50458 90.1134 79.25933 121.0535 118.588 91.36878 86.07296 86.32149 89.17273 83.47717 99.00521 119.0625 93.62223 88.26482 79.99434 34.28574 124.8334 131.1764 86.43878 86.89501 87.68533 101.4154 84.90152 85.25699 85.61246 89.31656 89.7713 90.25074 90.5019 90.96381 91.50195 92.00477 92.4842 92.95194 93.26188 134.2131 97.0017 94.6592 95.05679 95.19039 95.54838 95.88328 95.99011 96.28971
-9999 -9999 -9999 -9999 -9999 -9999 -9999 -9999 -9999 -9999 -9999 -9999 -9999 -9999 -9999 -9999 -9999 -9999 -9999 76.24358 73.17155 82.9208 126.2165 81.84438 80.61612 92.23552 91.53664 108.177 120.1871 120.4612 79.46217 85.30824 77.1648 77.38062 88.86634 80.3162 84.48734 134.7592 87.51266 84.90708 85.09895 91.17608 82.48743 77.18064 114.148 133.817 89.84995 90.25291 87.88175 88.32082 93.4565 88.55617 88.98783 89.46728 90.01688 90.4788 90.64832 91.13945 91.61888 94.74112 136.2258 89.66624 98.84394 93.73542 93.93166 100.3533 102.4414 94.99408 95.1028 95.37936
-9999 -9999 -9999 -9999 -9999 -9999 -9999 -9999 -9999 -9999 -9999 -9999 -9999 -9999 -9999 -9999 -9999 -9999 -9999 75.99936 79.21052 82.45158 86.76756 125.2628 77.5293 91.94009 77.81046 122.556 27.53562 125.6354 81.95815 87.76804 90.98991 74.24925 83.04796 86.06431 86.89183 75.4109 129.0757 84.77657 84.95856 87.87943 79.14127 88.47117 31.1074 33.64045 130.8055 75.40483 80.97597 81.36386 96.11534 90.65195 91.06068 82.95912 85.97893 89.79747 90.2132 90.36332 96.28232 85.28616 129.4404 94.85828 95.26599 92.87009 93.24429 93.61848 99.85342 94.13952 94.23854 94.52663
-9999 -9999 -9999 -9999 -9999 -9999 -9999 -9999 -9999 -9999 -9999 -9999 -9999 -9999 -9999 -9999 -9999 -9999 -9999 67.33057 72.69933 82.21488 75.99139 115.7574 73.95861 86.0808 83.68237 122.3014 42.82611 133.5506 81.68047 89.92996 85.03152 82.53101 82.65755 82.84773 89.34309 77.87012 119.8945 87.17901 87.33599 84.74016 84.9707 85.16483 91.21477 97.14512 41.92051 74.23727 127.1366 78.00723 31.77623 90.18557 90.40834 87.80758 82.71478 89.11613 89.40881 96.18246 93.05267 72.31216 137.2269 94.04285 97.10809 94.7066 92.40234 92.77654 95.87175 100.4751 93.56457 93.85626
-9999 -9999 -9999 -9999 -9999 -9999 -9999 -9999 -9999 -9999 -9999 -9999 -9999 -9999 -9999 -9999 -9999 -9999 67.06393 69.29388 75.32882 70.06116 82.3924 73.8437 115.8938 81.16399 86.19994 83.65268 85.70717 91.95538 125.6192 76.07375 70.66871 82.20588 82.39605 82.58624 86.28294 86.43816 83.75579 72.50996 77.98012 84.35188 84.57029 84.9297 90.78517 93.45667 103.046 92.12077 41.98463 129.9529 122.1952 75.87428 93.27744 87.68057 99.91833 88.481 88.88517 89.15154 89.54913 78.55629 139.3683 98.76494 93.63512 94.0079 91.61888 94.70684 86.22218 83.83117 98.08675 95.7583
-9999 -9999 -9999 -9999 -9999 -9999 -9999 -9999 -9999 -9999 -9999 -9999 -9999 -9999 -9999 -9999 -9999 -9999 69.76216 75.50274 75.14812 78.85227 79.41258 78.7896 123.6009 124.3952 77.37419 86.08404 75.02251 124.8171 125.8744 75.32687 78.38871 82.0038 82.1821 82.3604 83.24012 86.18744 93.43475 89.18858 80.40384 86.66499 75.52617 76.32165 90.3904 88.43317 91.67223 94.77428 89.08126 95.03256 100.4094 133.2701 127.8584 76.05666 81.98176 95.96556 64.34234 82.42535 91.65479 89.29187 130.2329 101.0745 92.91142 90.4963 93.61183 93.938 91.51364 101.4314 91.9544 94.97959
-9999 -9999 -9999 -9999 -9999 -9999 -9999 -9999 -9999 -9999 -9999 -9999 -9999 -9999 -9999 -9999 -9999 -9999 66.79729 67.19145 84.0583 78.70802 79.11543 76.16914 79.34064 118.1657 76.7383 116.3599 133.1837 66.09805 74.87885 116.9016 57.49247 84.46346 84.64097 82.15833 83.02425 88.74873 88.84383 83.34805 74.90581 86.3904 56.43886 87.00443 73.50358 90.3904 85.79044 86.13707 85.92405 97.83568 92.2017 78.70525 83.55939 125.0055 83.85136 103.1839 70.13422 92.84626 73.48415 94.16258 134.9943 129.8656 89.11481 95.28853 89.52284 87.09352 96.2752 93.80986 91.17265 91.49935
-9999 -9999 -9999 -9999 -9999 -9999 -9999 -9999 -9999 -9999 -9999 -9999 -9999 -9999 -9999 -9999 -9999 80.95712 75.53732 75.92931 89.62597 86.94407 78.40596 79.28125 34.27394 135.0255 121.3907 132.7458 86.16771 89.2442 77.54544 69.67088 131.0032 81.51646 84.49896 87.42864 88.3208 85.79345 88.67741 77.4291 80.01913 88.96269 74.96662 78.51563 81.54211 76.27491 90.99529 91.32802 88.91737 85.91236 86.275 86.62595 95.23679 83.45509 119.4484 104.6747 84.06204 28.32638 84.34295 36.57336 50.03883 71.6368 144.7856 92.12075 83.57733 83.62435 86.79283 93.09927 90.44924 90.75261
-9999 -9999 -9999 -9999 -9999 -9999 -9999 -9999 -9999 -9999 -9999 -9999 -9999 -9999 -9999 -9999 -9999 -9999 75.45661 75.72178 84.07008 77.91442 76.00211 84.79405 81.43585 81.78193 135.084 85.75525 83.25632 83.56328 86.59195 29.19338 119.5818 125.8651 128.7574 122.8483 129.4044 88.30891 82.94031 88.61797 88.68929 86.15251 77.5985 83.25896 77.91983 78.21369 81.32176 99.28841 79.70243 85.5731 86.48369 86.79566 86.5322 95.16738 80.56226 30.98335 132.9393 133.8395 125.5725 130.8307 133.8445 71.49101 123.5984 141.7433 97.31898 80.60645 92.37703 89.66606 89.73751 89.99419
-9999 -9999 -9999 -9999 -9999 -9999 -9999 -9999 -9999 -9999 -9999 -9999 -9999 -9999 -9999 -9999 -9999 -9999 -9999 75.67567 78.42603 69.3429 73.12432 73.47202 85.13068 87.83564 118.468 62.83426 80.38726 80.66065 80.93403 63.35788 116.7528 117.1557 78.15982 84.52061 88.26672 85.58493 82.84734 74.18813 83.11427 83.21134 86.17702 86.37514 94.88486 81.34509 84.39022 106.5 90.54135 85.30404 88.37952 82.60942 89.4937 86.48542 81.2022 85.98331 91.7515 135.4927 102.6743 81.51635 81.09705 72.77585 81.92359 128.7461 66.21743 94.23222 89.16232 89.40483 89.31747 89.29413
-9999 -9999 -9999 -9999 -9999 -9999 -9999 -9999 -9999 -9999 -9999 -9999 -9999 -9999 -9999 -9999 -9999 -9999 -9999 76.65881 78.37848 81.55556 72.5177 70.58559 68.0877 123.7272 118.3886 115.9393 83.10574 80.58933 83.68295 81.11241 72.03334 61.65257 72.42291 81.62936 82.42463 85.36365 94.00414 82.23802 24.16895 85.92307 83.26854 88.9971 89.19131 97.74091 98.01682 90.63962 89.16994 85.04668 85.32745 91.14511 88.61438 89.44768 83.58258 83.86073 77.5453 113.1063 89.65481 89.93098 92.64195 81.09748 92.80446 95.99828 84.61404 125.8902 69.65176 94.16258 88.67574 88.88576
-9999 -9999 -9999 -9999 -9999 -9999 -9999 -9999 -9999 -9999 -9999 -9999 -9999 -9999 -9999 -9999 -9999 -9999 -9999 -9999 81.01437 84.21025 64.61583 81.85204 115.4278 79.33315 76.70119 72.07957 83.04657 83.34788 86.36804 75.25846 60.56282 21.65258 117.1784 75.3753 82.36466 85.28339 79.25311 88.05195 96.62512 85.71777 83.16325 84.04574 91.81115 92.05413 93.7599 87.05103 81.49953 84.83611 85.10517 85.36254 88.94135 80.24812 94.92362 95.1637 122.1502 86.35616 89.35561 86.41526 89.76988 90.02305 86.75437 86.99994 90.2532 89.63831 131.0093 66.10252 120.494 120.6835
-9999 -9999 -9999 -9999 -9999 -9999 -9999 -9999 -9999 -9999 -9999 -9999 -9999 -9999 -9999 -9999 -9999 -9999 -9999 -9999 71.97282 78.02232 84.54385 129.0018 78.81358 85.33102 70.99535 76.49736 124.4842 77.08765 83.56328 75.18652 77.82251 72.10638 116.9131 72.86333 76.14673 82.544 85.44001 79.54859 85.37889 82.79881 83.04627 83.19835 83.35043 86.36349 77.69194 84.76211 75.99449 84.31355 81.77922 87.90173 91.45387 91.67178 94.63781 80.38773 119.08 89.78139 88.97586 85.99429 86.21647 86.41526 86.64912 86.48542 89.49971 81.01604 83.9882 81.44654 90.42158 138.8466
-9999 -9999 -9999 -9999 -9999 -9999 -9999 -9999 -9999 -9999 -9999 -9999 -9999 -9999 -9999 -9999 -9999 -9999 -9999 -9999 78.15501 70.06738 81.72041 117.7422 82.17091 82.45038 82.36024 85.43707 116.0189 130.374 86.28555 71.88725 77.76228 74.87885 72.21595 116.9703 76.03673 82.44693 82.40063 76.63049 85.46416 82.8708 83.676 83.08136 83.22175 77.28049 80.815 68.0762 90.34131 84.19172 84.66064 87.68032 90.65701 79.70126 82.66702 121.3035 77.49857 92.21082 89.65481 82.96409 83.09721 83.26359 86.22816 83.60748 86.67252 80.52736 95.20943 100.4895 97.44482 87.33601
-9999 -9999 -9999 -9999 -9999 -9999 -9999 -9999 -9999 -9999 -9999 -9999 -9999 -9999 -9999 -9999 -9999 -9999 -9999 -9999 79.94189 79.20142 70.99546 74.15157 121.1817 85.85451 80.61075 80.45499 86.30556 132.621 84.27538 81.53332 81.83298 81.9287 21.11929 64.41161 70.48363 85.11887 82.40201 82.25086 85.09785 83.8083 83.87937 86.77044 84.81611 84.97978 78.33102 79.08456 88.36997 84.04756 86.11378 85.73914 88.15094 91.12284 83.33414 118.6016 92.18131 77.88375 89.68098 83.87663 84.01006 84.15627 84.31374 84.48246 84.68166 84.82788 84.96285 96.44647 96.5367 87.26838
-9999 -9999 -9999 -9999 -9999 -9999 -9999 -9999 -9999 -9999 -9999 -9999 -9999 -9999 -9999 -9999 -9999 -9999 -9999 -9999 -9999 79.26884 79.52885 82.7213 127.1621 80.23933 83.36523 85.99694 74.8526 72.29601 119.6272 29.26486 78.5809 85.68887 83.89526 26.57866 117.5319 76.07813 85.07059 85.15508 82.19098 84.37186 86.52276 87.29882 87.41525 84.83949 84.34135 85.21359 88.18368 88.41654 85.26532 86.11378 85.75354 79.68784 77.10727 132.6186 91.91622 77.57787 83.53923 83.6517 83.77386 83.90882 84.05505 86.91572 87.09191 84.5242 84.64793 84.77164 91.07396 80.32891
-9999 -9999 -9999 -9999 -9999 -9999 -9999 -9999 -9999 -9999 -9999 -9999 -9999 -9999 -9999 -9999 -9999 -9999 -9999 -9999 -9999 -9999 68.06932 79.83203 115.6364 71.53027 80.54752 83.17443 83.4487 83.78625 125.5367 81.07129 89.87319 81.67709 88.47811 30.1444 64.2955 75.89694 82.66948 78.66595 82.05925 86.32226 87.07761 84.43031 83.84383 84.68752 84.85118 85.03823 87.98575 87.57245 85.0284 88.02063 84.89346 91.20164 94.09742 129.6759 86.17163 83.22967 83.3084 83.39838 86.10538 86.28187 86.45837 86.57703 86.68107 84.1011 84.21359 80.11118 80.11618 80.04189
-9999 -9999 -9999 -9999 -9999 -9999 -9999 -9999 -9999 -9999 -9999 -9999 -9999 -9999 -9999 -9999 -9999 -9999 -9999 -9999 -9999 -9999 -9999 123.7455 82.97171 86.07611 80.49901 80.77793 83.4484 72.10154 72.32032 122.3059 86.93465 81.50935 78.20121 78.29839 18.16674 122.6458 81.39782 87.61253 81.91554 84.12635 84.20819 99.74964 99.89405 84.53553 84.67582 84.17551 75.36127 84.59012 84.81518 87.80833 84.65813 87.58849 123.0705 76.71902 88.65912 83.06096 83.12845 83.21841 85.75239 85.90535 86.05831 86.22304 85.44647 83.80866 86.61381 82.35217 86.17926 85.91459
