Data/From_regional/PyPCGA_model_Heads.asc
NCOLS 200
NROWS 100
XLLCENTER 515244
YLLCENTER 8410178
CELLSIZE 167.0
NODATA_value -999.0
[rows 34 to 50 of 100, columns 111 to 147 of 200]
1.211374378204345703e+01 1.103023147583007812e+01 9.341827392578125000e+00 7.625009059906005859e+00 6.145793914794921875e+00 4.554265499114990234e+00 3.094183683395385742e+00 2.010020494461059570e+00 1.683973789215087891e+00 2.313681840896606445e+00 3.654932022094726562e+00 5.498833656311035156e+00 7.540902137756347656e+00 8.791234016418457031e+00 9.234663009643554688e+00 9.563771247863769531e+00 9.792772293090820312e+00 9.958809852600097656e+00 1.008697509765625000e+01 1.017753028869628906e+01 1.022420883178710938e+01 1.022229099273681641e+01 1.019519329071044922e+01 1.014524459838867188e+01 1.006600761413574219e+01 9.949273109436035156e+00 9.788605690002441406e+00 9.571626663208007812e+00 9.261088371276855469e+00 8.135023117065429688e+00 6.987725734710693359e+00 6.378318309783935547e+00 6.263340950012207031e+00 5.441943168640136719e+00 4.762639999389648438e+00 4.015182971954345703e+00 3.068493127822875977e+00
1.256826591491699219e+01 1.141641426086425781e+01 1.008398723602294922e+01 8.658339500427246094e+00 7.319230556488037109e+00 5.576858997344970703e+00 3.784055471420288086e+00 2.383623838424682617e+00 1.676905870437622070e+00 1.991657018661499023e+00 3.136923789978027344e+00 4.833734989166259766e+00 6.824373722076416016e+00 8.342323303222656250e+00 8.836884498596191406e+00 9.187763214111328125e+00 9.443245887756347656e+00 9.616550445556640625e+00 9.749568939208984375e+00 9.842556953430175781e+00 9.885263442993164062e+00 9.887952804565429688e+00 9.876634597778320312e+00 9.822766304016113281e+00 9.731769561767578125e+00 9.609343528747558594e+00 9.412927627563476562e+00 9.139140129089355469e+00 8.753274917602539062e+00 7.354773521423339844e+00 5.807925224304199219e+00 4.852105140686035156e+00 4.331400871276855469e+00 3.735956668853759766e+00 3.164745807647705078e+00 2.570996284484863281e+00 1.944602012634277344e+00
1.286873912811279297e+01 1.168845844268798828e+01 1.037351894378662109e+01 9.008154869079589844e+00 7.640292167663574219e+00 6.162607669830322266e+00 4.269370555877685547e+00 2.627418518066406250e+00 1.642407536506652832e+00 1.682422399520874023e+00 2.631735086441040039e+00 4.190488338470458984e+00 6.102750778198242188e+00 7.802598953247070312e+00 8.346730232238769531e+00 8.723539352416992188e+00 9.009981155395507812e+00 9.193622589111328125e+00 9.318039894104003906e+00 9.423635482788085938e+00 9.482220649719238281e+00 9.479209899902343750e+00 9.488657951354980469e+00 9.438067436218261719e+00 9.344077110290527344e+00 9.237396240234375000e+00 9.000145912170410156e+00 8.671607971191406250e+00 8.192131996154785156e+00 6.461879730224609375e+00 4.712994575500488281e+00 3.585504531860351562e+00 2.896081686019897461e+00 2.375015735626220703e+00 1.907923102378845215e+00 1.486544489860534668e+00 1.111275792121887207e+00
1.301841735839843750e+01 1.180153846740722656e+01 1.050186538696289062e+01 9.123736381530761719e+00 7.696261405944824219e+00 5.782856464385986328e+00 3.919612169265747070e+00 2.442230701446533203e+00 1.465633273124694824e+00 1.353343844413757324e+00 2.103969573974609375e+00 3.439877271652221680e+00 5.011589527130126953e+00 6.738793849945068359e+00 7.748280525207519531e+00 8.166365623474121094e+00 8.473123550415039062e+00 8.669620513916015625e+00 8.792582511901855469e+00 8.895530700683593750e+00 9.019153594970703125e+00 8.969734191894531250e+00 9.022394180297851562e+00 8.958855628967285156e+00 8.820809364318847656e+00 8.155672073364257812e+00 7.594031333923339844e+00 7.078280925750732422e+00 6.355525493621826172e+00 4.847180843353271484e+00 3.484546422958374023e+00 2.456965684890747070e+00 1.813153147697448730e+00 1.355025410652160645e+00 1.027154564857482910e+00 7.494670748710632324e-01 5.373420119285583496e-01
1.309527778625488281e+01 1.180519485473632812e+01 1.039396190643310547e+01 8.912813186645507812e+00 7.019598960876464844e+00 5.064949989318847656e+00 3.395231008529663086e+00 2.085705280303955078e+00 1.226964592933654785e+00 1.035002350807189941e+00 1.611152768135070801e+00 2.744993686676025391e+00 4.094876766204833984e+00 5.584838390350341797e+00 6.957759380340576172e+00 7.458517074584960938e+00 7.816857814788818359e+00 8.044200897216796875e+00 8.160731315612792969e+00 8.166498184204101562e+00 7.950316905975341797e+00 8.176198959350585938e+00 7.677587032318115234e+00 7.322289943695068359e+00 6.963559150695800781e+00 6.102416992187500000e+00 5.484158992767333984e+00 4.942456245422363281e+00 4.285617828369140625e+00 3.292423725128173828e+00 2.292645454406738281e+00 1.575544953346252441e+00 1.066445946693420410e+00 7.473163604736328125e-01 5.227448344230651855e-01 3.446155786514282227e-01 1.970854699611663818e-01
1.306147384643554688e+01 1.168295192718505859e+01 9.816625595092773438e+00 7.996020317077636719e+00 6.183950424194335938e+00 4.476583480834960938e+00 2.999744415283203125e+00 1.875906348228454590e+00 1.074606060981750488e+00 7.733260989189147949e-01 1.181738257408142090e+00 2.140311002731323242e+00 3.396927833557128906e+00 4.519976139068603516e+00 5.269014835357666016e+00 5.771730899810791016e+00 6.164739608764648438e+00 6.446685791015625000e+00 6.490017890930175781e+00 6.386809825897216797e+00 6.042293548583984375e+00 6.222312450408935547e+00 5.620359420776367188e+00 5.211057186126708984e+00 4.816572189331054688e+00 4.239165782928466797e+00 3.697967767715454102e+00 3.236315488815307617e+00 2.718106985092163086e+00 2.063487052917480469e+00 1.394746065139770508e+00 9.300730228424072266e-01 6.002419590950012207e-01 3.828402757644653320e-01 6.761309504508972168e-02 9.094803035259246826e-02 -8.196695894002914429e-02
1.294133949279785156e+01 1.119770336151123047e+01 9.367557525634765625e+00 7.558248996734619141e+00 5.852002620697021484e+00 4.235075950622558594e+00 2.800579786300659180e+00 1.744560599327087402e+00 9.852976202964782715e-01 5.662975907325744629e-01 7.625787854194641113e-01 1.439142823219299316e+00 2.321028470993041992e+00 3.183965206146240234e+00 3.548304557800292969e+00 3.883766889572143555e+00 4.170381069183349609e+00 4.351006984710693359e+00 4.394701004028320312e+00 4.321126461029052734e+00 4.165537357330322266e+00 4.107750892639160156e+00 3.785379409790039062e+00 3.468105316162109375e+00 3.145369052886962891e+00 2.735739231109619141e+00 2.349743127822875977e+00 1.989168882369995117e+00 1.605211615562438965e+00 1.186666727066040039e+00 7.839305996894836426e-01 3.799166083335876465e-01 1.786658167839050293e-01 1.837347894906997681e-01 1.939874887466430664e-01 -9.883740916848182678e-03 -2.014991044998168945e-01
1.266664695739746094e+01 1.116415500640869141e+01 9.653958320617675781e+00 7.781673908233642578e+00 6.024801731109619141e+00 4.345761775970458984e+00 2.873414039611816406e+00 1.698691487312316895e+00 8.598021864891052246e-01 4.096974730491638184e-01 4.274403154850006104e-01 8.180957436561584473e-01 1.372490167617797852e+00 1.890785336494445801e+00 2.201957941055297852e+00 2.456702709197998047e+00 2.658893108367919922e+00 2.782909870147705078e+00 2.807659387588500977e+00 2.746557474136352539e+00 2.607971668243408203e+00 2.497622251510620117e+00 2.305021762847900391e+00 2.091969490051269531e+00 1.865110278129577637e+00 1.599742889404296875e+00 1.346513748168945312e+00 1.109410405158996582e+00 8.352313637733459473e-01 3.289169669151306152e-01 3.338931202888488770e-01 2.835493683815002441e-01 6.992632895708084106e-02 -8.307915925979614258e-02 -1.052417755126953125e-01 -8.404525369405746460e-02 -5.985228419303894043e-01
1.230533790588378906e+01 1.091207885742187500e+01 9.491102218627929688e+00 8.003483772277832031e+00 6.575259208679199219e+00 4.684826850891113281e+00 2.978207111358642578e+00 1.721041679382324219e+00 8.321403264999389648e-01 3.298126757144927979e-01 2.211258411407470703e-01 3.963973522186279297e-01 6.951190829277038574e-01 9.794301390647888184e-01 1.194711327552795410e+00 1.392152070999145508e+00 1.527415990829467773e+00 1.620175480842590332e+00 1.627334833145141602e+00 1.574017047882080078e+00 1.460341215133666992e+00 1.387623310089111328e+00 1.260998487472534180e+00 1.065417170524597168e+00 8.950535655021667480e-01 7.097598314285278320e-01 5.058519244194030762e-01 2.255257070064544678e-01 3.267629742622375488e-01 -5.320450067520141602e-01 2.520896494388580322e-01 1.406145542860031128e-01 -5.789663642644882202e-02 -2.518482804298400879e-01 -2.855081260204315186e-01 -1.037682414054870605e+00 -6.035839319229125977e-01
1.178352928161621094e+01 1.044390106201171875e+01 9.151752471923828125e+00 7.848866939544677734e+00 6.485558986663818359e+00 4.567590713500976562e+00 2.868513822555541992e+00 1.647352457046508789e+00 7.856414318084716797e-01 2.767046689987182617e-01 1.132543832063674927e-01 1.566934287548065186e-01 2.962529063224792480e-01 4.466386735439300537e-01 5.713067650794982910e-01 6.814287304878234863e-01 7.516865134239196777e-01 8.035588264465332031e-01 8.224679827690124512e-01 8.071690201759338379e-01 7.540072202682495117e-01 6.724768280982971191e-01 5.539077520370483398e-01 4.320359826087951660e-01 2.649117708206176758e-01 2.369410395622253418e-01 2.804190814495086670e-01 1.037314757704734802e-01 -5.803258419036865234e-01 -2.449702471494674683e-02 -2.061376273632049561e-01 -2.290876358747482300e-01 -2.372616529464721680e-01 -5.987784862518310547e-01 -9.664860367774963379e-01 -8.806015253067016602e-01 -5.298812985420227051e-01
1.108275985717773438e+01 9.783461570739746094e+00 8.537273406982421875e+00 7.391264438629150391e+00 5.753703594207763672e+00 3.928015947341918945e+00 2.505838155746459961e+00 1.451998114585876465e+00 6.778554916381835938e-01 2.215984910726547241e-01 6.703427433967590332e-02 4.872125014662742615e-02 8.515720814466476440e-02 1.499593257904052734e-01 2.088448405265808105e-01 2.717038094997406006e-01 2.972014248371124268e-01 3.084516227245330811e-01 3.265386521816253662e-01 3.451860547065734863e-01 3.173353672027587891e-01 1.870817095041275024e-01 1.342610120773315430e-01 1.664551347494125366e-01 5.576583370566368103e-02 2.096949517726898193e-02 -4.109183326363563538e-02 -9.149795174598693848e-01 -5.305220484733581543e-01 -4.356242418289184570e-01 -6.952794194221496582e-01 -1.283202528953552246e+00 -9.400528669357299805e-01 -8.760820031166076660e-01 1.799529418349266052e-04 4.332846999168395996e-01 7.132413983345031738e-01
1.008203220367431641e+01 8.537980079650878906e+00 7.535082340240478516e+00 6.522010326385498047e+00 4.813388347625732422e+00 3.225904941558837891e+00 2.065906763076782227e+00 1.197071552276611328e+00 5.175940394401550293e-01 1.578293740749359131e-01 4.077975451946258545e-02 1.438309159129858017e-02 -1.144611835479736328e-02 3.149433434009552002e-02 4.232870042324066162e-02 5.587167665362358093e-02 8.471527695655822754e-02 8.254721760749816895e-02 8.370468020439147949e-02 6.529924273490905762e-02 1.109626367688179016e-01 1.920305378735065460e-02 2.222872339189052582e-02 4.465278685092926025e-01 1.880383789539337158e-01 1.017221584916114807e-01 1.661010235548019409e-01 9.238035976886749268e-02 -1.261791706085205078e+00 -7.307996749877929688e-01 -1.149892330169677734e+00 -7.283800840377807617e-01 -6.954088211059570312e-01 -8.006479591131210327e-02 7.397892475128173828e-01 7.323558926582336426e-01 4.665251374244689941e-01
8.413735389709472656e+00 6.901449203491210938e+00 5.920247554779052734e+00 4.922916889190673828e+00 3.611042976379394531e+00 2.459159851074218750e+00 1.582677125930786133e+00 8.927606940269470215e-01 3.607503473758697510e-01 1.006904765963554382e-01 2.430835366249084473e-02 -3.277152404189109802e-02 -2.832936942577362061e-01 1.035818923264741898e-02 1.047619152814149857e-02 2.527534216642379761e-02 1.023668497800827026e-01 1.521902829408645630e-01 1.979368627071380615e-01 2.578998506069183350e-01 2.610430717468261719e-01 4.644275084137916565e-02 4.291631877422332764e-01 5.084210634231567383e-01 3.992783725261688232e-01 3.938011825084686279e-02 1.540361344814300537e-01 6.632948517799377441e-01 -7.297040820121765137e-01 -5.990303158760070801e-01 -1.741151213645935059e-01 -2.679688856005668640e-02 3.291684389114379883e-01 3.738661110401153564e-01 4.525604844093322754e-01 2.410141676664352417e-01 -4.541674852371215820e-01
6.598300933837890625e+00 5.331280231475830078e+00 4.360872745513916016e+00 3.471515893936157227e+00 2.548987150192260742e+00 1.738680720329284668e+00 1.103613972663879395e+00 5.757427811622619629e-01 2.037996202707290649e-01 5.345728620886802673e-02 1.376452390104532242e-02 7.044496946036815643e-03 1.764612644910812378e-02 2.528681419789791107e-02 3.654077276587486267e-02 9.192467480897903442e-02 1.362852305173873901e-01 2.137913554906845093e-01 3.049601912498474121e-01 3.023372590541839600e-01 3.795832991600036621e-01 4.528987705707550049e-01 4.596981406211853027e-01 1.701656579971313477e-01 -9.176923632621765137e-01 -1.269694924354553223e+00 4.019551873207092285e-01 6.634350419044494629e-01 5.914207696914672852e-01 8.797770738601684570e-01 6.743537187576293945e-01 7.118193507194519043e-01 1.606010645627975464e-01 3.747707977890968323e-02 3.676662147045135498e-01 -1.837208420038223267e-01 -5.875142216682434082e-01
5.062063217163085938e+00 4.006898880004882812e+00 3.125341176986694336e+00 2.365518569946289062e+00 1.683812022209167480e+00 1.110550880432128906e+00 6.468946337699890137e-01 2.850451469421386719e-01 9.060914814472198486e-02 2.370760403573513031e-02 4.839734174311161041e-03 4.403492435812950134e-03 2.110292389988899231e-02 8.207233250141143799e-02 1.280911117792129517e-01 2.101178914308547974e-01 2.026762366294860840e-01 2.908999919891357422e-01 3.325228989124298096e-01 3.718293011188507080e-01 4.008474946022033691e-01 4.238032102584838867e-01 1.969408392906188965e-01 4.204286336898803711e-01 -3.043650984764099121e-01 -3.607055246829986572e-01 7.423114776611328125e-01 8.190852403640747070e-01 8.310176134109497070e-01 5.697005242109298706e-02 -4.352070093154907227e-01 -2.672555744647979736e-01 6.784389615058898926e-01 -1.929869502782821655e-01 -2.219497263431549072e-01 -2.878485918045043945e-01 -4.683899879455566406e-01
3.800306797027587891e+00 2.897785425186157227e+00 2.130731582641601562e+00 1.507003068923950195e+00 1.000663757324218750e+00 5.935944318771362305e-01 2.967557609081268311e-01 1.151226833462715149e-01 3.819768503308296204e-02 1.525582280009984970e-02 5.985973402857780457e-03 1.474485360085964203e-02 7.298044860363006592e-02 1.694416701793670654e-01 2.692181169986724854e-01 3.117157518863677979e-01 3.414902687072753906e-01 3.469025790691375732e-01 3.931550383567810059e-01 1.527003198862075806e-01 5.341454148292541504e-01 6.302857995033264160e-01 1.903179138898849487e-01 6.226716637611389160e-01 7.937099933624267578e-01 5.134768486022949219e-01 3.768264055252075195e-01 -2.186895757913589478e-01 -8.221495747566223145e-01 -1.021948218345642090e+00 -7.082767486572265625e-01 -5.460468530654907227e-01 1.978906244039535522e-01 -6.165150180459022522e-02 -2.079952210187911987e-01 -2.023059725761413574e-01 -2.630167305469512939e-01
2.742075920104980469e+00 1.971897721290588379e+00 1.344282150268554688e+00 8.714487552642822266e-01 5.215147137641906738e-01 2.696389257907867432e-01 1.209810003638267517e-01 3.938752040266990662e-02 -7.463169842958450317e-02 -9.958789497613906860e-02 -3.626913996413350105e-03 2.634913288056850433e-02 9.697302430868148804e-02 1.660132408142089844e-01 -7.495366036891937256e-02 2.775720953941345215e-01 -1.643995046615600586e-01 4.409497678279876709e-01 5.358995199203491211e-01 6.193947196006774902e-01 7.278128266334533691e-01 7.602823972702026367e-01 6.938731670379638672e-01 8.852127194404602051e-01 3.476788699626922607e-01 -5.883727669715881348e-01 -9.704673886299133301e-01 -1.276238322257995605e+00 -1.291727423667907715e+00 -8.271323442459106445e-01 -6.358305215835571289e-01 -4.480216801166534424e-01 2.835118770599365234e-02 4.143963754177093506e-02 -3.632506728172302246e-02 -3.117740526795387268e-02 -1.563302800059318542e-02
