Data/From_regional/PyPCGA_model_Heads.asc
NCOLS 200
NROWS 100
XLLCENTER 515244
YLLCENTER 8410178
CELLSIZE 167.0
NODATA_value -999.0
[rows 17 to 33 of 100, columns 148 to 184 of 200]
6.885181427001953125e+00 6.805177211761474609e+00 7.059960842132568359e+00 7.013808250427246094e+00 6.862943649291992188e+00 6.728968143463134766e+00 6.577814579010009766e+00 6.387393474578857422e+00 6.220887184143066406e+00 6.070441246032714844e+00 5.899452209472656250e+00 5.708803653717041016e+00 5.518131732940673828e+00 4.953580379486083984e+00 5.011395454406738281e+00 5.019945144653320312e+00 4.966201782226562500e+00 4.908550739288330078e+00 4.758203506469726562e+00 4.593332290649414062e+00 4.016011238098144531e+00 3.553020477294921875e+00 2.854066848754882812e+00 2.492252349853515625e+00 2.756655693054199219e+00 3.683984756469726562e+00 4.395571231842041016e+00 4.548632144927978516e+00 4.658306121826171875e+00 4.730276107788085938e+00 4.771110534667968750e+00 4.782284736633300781e+00 4.781749725341796875e+00 4.762161254882812500e+00 4.708597660064697266e+00 4.620692729949951172e+00 4.499010086059570312e+00
8.162901878356933594e+00 7.932497978210449219e+00 7.660629749298095703e+00 7.469996452331542969e+00 7.270332813262939453e+00 7.099866867065429688e+00 6.929152488708496094e+00 6.752045154571533203e+00 6.588063716888427734e+00 6.421265602111816406e+00 6.252444744110107422e+00 6.078533649444580078e+00 5.897005558013916016e+00 5.542409420013427734e+00 5.450910568237304688e+00 5.401682853698730469e+00 5.341310024261474609e+00 5.252317428588867188e+00 5.134376049041748047e+00 4.995870590209960938e+00 4.870896339416503906e+00 4.674670219421386719e+00 3.999287128448486328e+00 3.265098571777343750e+00 3.228342294692993164e+00 3.891698360443115234e+00 4.504257202148437500e+00 4.679328441619873047e+00 4.776247978210449219e+00 4.833485126495361328e+00 4.864062786102294922e+00 4.869003772735595703e+00 4.861680030822753906e+00 4.831474781036376953e+00 4.777043819427490234e+00 4.683174133300781250e+00 4.557404994964599609e+00
8.558092117309570312e+00 8.294344902038574219e+00 8.039522171020507812e+00 7.812533378601074219e+00 7.598942756652832031e+00 7.406462192535400391e+00 7.214967727661132812e+00 7.035426616668701172e+00 6.870236873626708984e+00 6.700837135314941406e+00 6.533377647399902344e+00 6.376777172088623047e+00 6.232621669769287109e+00 6.099054813385009766e+00 5.864179134368896484e+00 5.735287189483642578e+00 5.644247055053710938e+00 5.546702384948730469e+00 5.432952404022216797e+00 5.305605411529541016e+00 5.179790019989013672e+00 5.010097026824951172e+00 4.821416378021240234e+00 4.077788829803466797e+00 3.835606098175048828e+00 4.255358695983886719e+00 4.612926959991455078e+00 4.861398696899414062e+00 4.910358905792236328e+00 4.936822891235351562e+00 4.945366859436035156e+00 4.937416076660156250e+00 4.917446613311767578e+00 4.880796909332275391e+00 4.820790767669677734e+00 4.727125167846679688e+00 4.595807075500488281e+00
8.842837333679199219e+00 8.565748214721679688e+00 8.308920860290527344e+00 8.064311027526855469e+00 7.839230060577392578e+00 7.628615379333496094e+00 7.425466060638427734e+00 7.236189365386962891e+00 7.052281856536865234e+00 6.884055614471435547e+00 6.727010250091552734e+00 6.590728282928466797e+00 6.467635154724121094e+00 6.320244312286376953e+00 6.140707969665527344e+00 5.996958255767822266e+00 5.887241840362548828e+00 5.794088840484619141e+00 5.681982517242431641e+00 5.559048652648925781e+00 5.437911510467529297e+00 5.306118488311767578e+00 5.148269653320312500e+00 4.749068260192871094e+00 4.665598392486572266e+00 5.022610187530517578e+00 5.070962429046630859e+00 5.052504539489746094e+00 5.046184062957763672e+00 5.029338836669921875e+00 5.011433124542236328e+00 4.989333152770996094e+00 4.959435462951660156e+00 4.914688110351562500e+00 4.848576068878173828e+00 4.751851081848144531e+00 4.615283012390136719e+00
9.048999786376953125e+00 8.771761894226074219e+00 8.497829437255859375e+00 8.233649253845214844e+00 7.986366748809814453e+00 7.759320735931396484e+00 7.538919925689697266e+00 7.340626716613769531e+00 7.157056808471679688e+00 6.984816074371337891e+00 6.837413787841796875e+00 6.708066463470458984e+00 6.591531276702880859e+00 6.452347755432128906e+00 6.305180549621582031e+00 6.174928665161132812e+00 6.066518306732177734e+00 5.973566055297851562e+00 5.871937751770019531e+00 5.763659000396728516e+00 5.662431716918945312e+00 5.564515113830566406e+00 5.469004631042480469e+00 5.415572643280029297e+00 5.342638969421386719e+00 5.272837162017822266e+00 5.234440803527832031e+00 5.191407203674316406e+00 5.144711017608642578e+00 5.097391605377197266e+00 5.058681964874267578e+00 5.023398399353027344e+00 4.981861114501953125e+00 4.927386283874511719e+00 4.853724956512451172e+00 4.750860691070556641e+00 4.610937595367431641e+00
9.195345878601074219e+00 8.912595748901367188e+00 8.622235298156738281e+00 8.332870483398437500e+00 8.056458473205566406e+00 7.794825553894042969e+00 7.544945240020751953e+00 7.321114540100097656e+00 7.125505924224853516e+00 6.961301803588867188e+00 6.828976154327392578e+00 6.724307060241699219e+00 6.623929023742675781e+00 6.516266345977783203e+00 6.390636920928955078e+00 6.285159111022949219e+00 6.184457302093505859e+00 6.098995685577392578e+00 6.011976242065429688e+00 5.920220375061035156e+00 5.835331916809082031e+00 5.754709720611572266e+00 5.673096656799316406e+00 5.601982116699218750e+00 5.515697002410888672e+00 5.435585975646972656e+00 5.353702545166015625e+00 5.279344558715820312e+00 5.211740016937255859e+00 5.140561580657958984e+00 5.084231853485107422e+00 5.033400535583496094e+00 4.977372646331787109e+00 4.907025337219238281e+00 4.818553447723388672e+00 4.705392360687255859e+00 4.558303833007812500e+00
9.273479461669921875e+00 8.978136062622070312e+00 8.664808273315429688e+00 8.342411994934082031e+00 8.023354530334472656e+00 7.717729568481445312e+00 7.426243782043457031e+00 7.166594982147216797e+00 6.947826862335205078e+00 6.791825771331787109e+00 6.679677486419677734e+00 6.607482433319091797e+00 6.547177791595458984e+00 6.467661380767822266e+00 6.384960174560546875e+00 6.310496330261230469e+00 6.241897583007812500e+00 6.173892498016357422e+00 6.104133129119873047e+00 6.030719757080078125e+00 5.956820487976074219e+00 5.884394168853759766e+00 5.809784889221191406e+00 5.735050201416015625e+00 5.629540920257568359e+00 5.528043746948242188e+00 5.417838573455810547e+00 5.318918704986572266e+00 5.231233596801757812e+00 5.147315502166748047e+00 5.076829433441162109e+00 5.011780738830566406e+00 4.940764427185058594e+00 4.855106353759765625e+00 4.748404502868652344e+00 4.616390705108642578e+00 4.452251911163330078e+00
9.266724586486816406e+00 8.943759918212890625e+00 8.595517158508300781e+00 8.233195304870605469e+00 7.858323097229003906e+00 7.487359046936035156e+00 7.117938995361328125e+00 6.789855957031250000e+00 6.526925086975097656e+00 6.398924827575683594e+00 6.325734138488769531e+00 6.327265739440917969e+00 6.336761474609375000e+00 6.322830677032470703e+00 6.296865940093994141e+00 6.267494678497314453e+00 6.229348182678222656e+00 6.187726020812988281e+00 6.136909484863281250e+00 6.081810474395751953e+00 6.021753311157226562e+00 5.950402259826660156e+00 5.872246265411376953e+00 5.788162708282470703e+00 5.674236297607421875e+00 5.557926177978515625e+00 5.433055400848388672e+00 5.315183639526367188e+00 5.202712059020996094e+00 5.105974197387695312e+00 5.023530006408691406e+00 4.949420452117919922e+00 4.865005016326904297e+00 4.761953353881835938e+00 4.635134696960449219e+00 4.488375663757324219e+00 4.315962314605712891e+00
9.179849624633789062e+00 8.814600944519042969e+00 8.411397933959960938e+00 7.984749317169189453e+00 7.518067836761474609e+00 7.043912410736083984e+00 6.545401573181152344e+00 5.726382732391357422e+00 5.310644626617431641e+00 5.366466045379638672e+00 5.686547756195068359e+00 5.848396778106689453e+00 5.971784114837646484e+00 6.057879447937011719e+00 6.120479583740234375e+00 6.156528949737548828e+00 6.154692173004150391e+00 6.142218112945556641e+00 6.103593349456787109e+00 6.063881397247314453e+00 6.018380165100097656e+00 5.947308063507080078e+00 5.863844394683837891e+00 5.771650314331054688e+00 5.662619113922119141e+00 5.531576156616210938e+00 5.394158840179443359e+00 5.255075454711914062e+00 5.121009826660156250e+00 5.007490634918212891e+00 4.915559768676757812e+00 4.835317134857177734e+00 4.741164207458496094e+00 4.625113487243652344e+00 4.480872154235839844e+00 4.322205543518066406e+00 4.128287792205810547e+00
9.018445014953613281e+00 8.609816551208496094e+00 8.138639450073242188e+00 7.578488349914550781e+00 6.973271846771240234e+00 6.380577087402343750e+00 5.364211559295654297e+00 4.384103298187255859e+00 3.951293706893920898e+00 4.010458946228027344e+00 4.385579109191894531e+00 4.706643104553222656e+00 5.176214694976806641e+00 5.681466579437255859e+00 5.865257740020751953e+00 5.976846694946289062e+00 6.018526077270507812e+00 6.026415348052978516e+00 6.010009765625000000e+00 5.971816062927246094e+00 5.927929401397705078e+00 5.871646881103515625e+00 5.785692214965820312e+00 5.690141677856445312e+00 5.571525573730468750e+00 5.433829784393310547e+00 5.284936904907226562e+00 5.129216194152832031e+00 4.977467536926269531e+00 4.844453334808349609e+00 4.749605655670166016e+00 4.661401271820068359e+00 4.554867267608642578e+00 4.425195693969726562e+00 4.256562232971191406e+00 4.072288036346435547e+00 3.842803478240966797e+00
8.789651870727539062e+00 8.347881317138671875e+00 7.401833057403564453e+00 6.411387443542480469e+00 5.580142974853515625e+00 4.859744071960449219e+00 3.884993553161621094e+00 3.154134273529052734e+00 2.788496017456054688e+00 2.780676603317260742e+00 3.053896427154541016e+00 3.507773399353027344e+00 4.332696914672851562e+00 5.196591854095458984e+00 5.529366016387939453e+00 5.727680683135986328e+00 5.820931911468505859e+00 5.857100009918212891e+00 5.849178791046142578e+00 5.815654754638671875e+00 5.778139591217041016e+00 5.718372821807861328e+00 5.639860630035400391e+00 5.554782867431640625e+00 5.419364452362060547e+00 5.263899326324462891e+00 5.098931789398193359e+00 4.934788703918457031e+00 4.762939929962158203e+00 4.604064464569091797e+00 4.508232593536376953e+00 4.392063617706298828e+00 4.256203174591064453e+00 3.752563714981079102e+00 3.425276994705200195e+00 3.170626401901245117e+00 2.890331268310546875e+00
8.475148200988769531e+00 7.923024177551269531e+00 6.435689926147460938e+00 5.069490432739257812e+00 4.115304470062255859e+00 3.367822647094726562e+00 2.674042940139770508e+00 2.142217874526977539e+00 1.846585154533386230e+00 1.811427354812622070e+00 2.057447433471679688e+00 2.538642883300781250e+00 3.294936418533325195e+00 4.326841831207275391e+00 5.103125095367431641e+00 5.394588947296142578e+00 5.553215503692626953e+00 5.621216773986816406e+00 5.625057220458984375e+00 5.603402614593505859e+00 5.567738533020019531e+00 5.508691787719726562e+00 5.425600528717041016e+00 5.318097114562988281e+00 5.154574871063232422e+00 4.970742702484130859e+00 4.798202991485595703e+00 4.328418731689453125e+00 4.083902835845947266e+00 4.223261833190917969e+00 4.153028964996337891e+00 3.969213008880615234e+00 3.338865518569946289e+00 2.635262012481689453e+00 2.232781171798706055e+00 1.967213869094848633e+00 1.744289278984069824e+00
8.141743659973144531e+00 6.856400489807128906e+00 5.171977519989013672e+00 3.896113872528076172e+00 2.948167800903320312e+00 2.262552976608276367e+00 1.715075612068176270e+00 1.319452643394470215e+00 1.095121145248413086e+00 1.084802269935607910e+00 1.321042418479919434e+00 1.800760626792907715e+00 2.507072210311889648e+00 3.416297674179077148e+00 4.402559280395507812e+00 5.013922214508056641e+00 5.236557483673095703e+00 5.335102081298828125e+00 5.359797000885009766e+00 5.355038166046142578e+00 5.311792850494384766e+00 5.242396354675292969e+00 5.147455692291259766e+00 5.014759063720703125e+00 4.805806636810302734e+00 4.518315792083740234e+00 3.913615226745605469e+00 3.231966972351074219e+00 3.015236616134643555e+00 3.211973190307617188e+00 3.066243886947631836e+00 2.791411638259887695e+00 2.182924985885620117e+00 1.679381132125854492e+00 1.320971488952636719e+00 1.103935003280639648e+00 9.433116912841796875e-01
7.046236515045166016e+00 5.398718357086181641e+00 3.995942592620849609e+00 2.865808010101318359e+00 2.004457950592041016e+00 1.412538290023803711e+00 9.836151599884033203e-01 6.997119188308715820e-01 5.821180343627929688e-01 6.174955368041992188e-01 8.625039458274841309e-01 1.356578946113586426e+00 2.063706874847412109e+00 2.944983243942260742e+00 3.909899234771728516e+00 4.615237712860107422e+00 4.863858222961425781e+00 4.996761322021484375e+00 5.062395095825195312e+00 5.075173854827880859e+00 5.028028964996337891e+00 4.942313194274902344e+00 4.810796737670898438e+00 4.638277053833007812e+00 4.325674533843994141e+00 3.972004652023315430e+00 3.056801557540893555e+00 2.309914827346801758e+00 1.993520498275756836e+00 1.933505892753601074e+00 1.826822638511657715e+00 1.614138484001159668e+00 1.266451358795166016e+00 9.176256656646728516e-01 6.661002039909362793e-01 5.107380151748657227e-01 3.961352407932281494e-01
5.570885658264160156e+00 4.144020080566406250e+00 2.939511060714721680e+00 1.982628822326660156e+00 1.270031929016113281e+00 8.078361153602600098e-01 5.112455487251281738e-01 3.439472317695617676e-01 2.899670302867889404e-01 3.640474975109100342e-01 6.459768414497375488e-01 1.193987965583801270e+00 1.967584490776062012e+00 2.952738046646118164e+00 3.817359447479248047e+00 4.234201431274414062e+00 4.497036457061767578e+00 4.659348964691162109e+00 4.742378234863281250e+00 4.756276130676269531e+00 4.710060119628906250e+00 4.590804100036621094e+00 4.400706768035888672e+00 3.846683025360107422e+00 3.308765888214111328e+00 2.844809293746948242e+00 2.071120262145996094e+00 1.478553533554077148e+00 1.186676979064941406e+00 1.082628488540649414e+00 9.802363514900207520e-01 8.061053156852722168e-01 6.254152059555053711e-01 4.061549901962280273e-01 2.533541023731231689e-01 1.558462828397750854e-01 7.161142677068710327e-02
4.381723403930664062e+00 3.084792613983154297e+00 2.078231811523437500e+00 1.315354943275451660e+00 7.862668633460998535e-01 4.549660384654998779e-01 2.500019669532775879e-01 1.521459966897964478e-01 1.264557689428329468e-01 2.343030124902725220e-01 5.921976566314697266e-01 1.196973443031311035e+00 2.147575139999389648e+00 3.121306657791137695e+00 3.598138093948364258e+00 3.908709764480590820e+00 4.144800186157226562e+00 4.310561180114746094e+00 4.379240512847900391e+00 4.367815017700195312e+00 4.327383995056152344e+00 4.173979282379150391e+00 3.892253637313842773e+00 3.005050420761108398e+00 2.291959762573242188e+00 1.782245039939880371e+00 1.231550335884094238e+00 8.239391446113586426e-01 6.074227094650268555e-01 5.230198502540588379e-01 4.261510074138641357e-01 3.312819302082061768e-01 2.404361069202423096e-01 1.205408573150634766e-01 7.140972465276718140e-02 2.802625000476837158e-01 3.251932561397552490e-01
3.222458124160766602e+00 2.214215040206909180e+00 1.419067621231079102e+00 8.233520388603210449e-01 4.613924026489257812e-01 2.495418637990951538e-01 1.178437843918800354e-01 5.754031985998153687e-02 5.025629326701164246e-02 1.504928767681121826e-01 4.966165721416473389e-01 1.104789853096008301e+00 2.071399927139282227e+00 2.962049245834350586e+00 3.371339797973632812e+00 3.592178821563720703e+00 3.767220497131347656e+00 3.911421775817871094e+00 3.907227039337158203e+00 3.803990125656127930e+00 3.391522169113159180e+00 3.085800886154174805e+00 2.736905813217163086e+00 2.016373157501220703e+00 1.445222616195678711e+00 1.002601265907287598e+00 6.397722959518432617e-01 3.954259157180786133e-01 2.543284296989440918e-01 1.887894272804260254e-01 1.490806788206100464e-01 1.021627485752105713e-01 3.734147176146507263e-02 4.674054682254791260e-02 2.606914639472961426e-01 1.924454122781753540e-01 -6.271439045667648315e-02
