Data/From_regional/PyPCGA_model_Heads.asc
NCOLS 200
NROWS 100
XLLCENTER 515244
YLLCENTER 8410178
CELLSIZE 167.0
NODATA_value -999.0
[rows 34 to 50 of 100, columns 37 to 73 of 200]
1.052415490150451660e+00 1.210608601570129395e+00 1.347157239913940430e+00 1.484982609748840332e+00 1.657678604125976562e+00 1.874317526817321777e+00 2.114750146865844727e+00 2.346204519271850586e+00 2.566687345504760742e+00 2.745129585266113281e+00 2.805677413940429688e+00 2.669710159301757812e+00 2.413340091705322266e+00 2.146202802658081055e+00 1.940070152282714844e+00 1.846197724342346191e+00 1.880579233169555664e+00 2.031528949737548828e+00 2.272310972213745117e+00 2.557957887649536133e+00 2.834431171417236328e+00 3.053391695022583008e+00 3.196404218673706055e+00 3.269902944564819336e+00 3.233744859695434570e+00 3.032212734222412109e+00 2.701301336288452148e+00 2.336076736450195312e+00 1.999452948570251465e+00 1.736578941345214844e+00 1.573775172233581543e+00 1.526343226432800293e+00 1.584800362586975098e+00 1.736119389533996582e+00 1.989097714424133301e+00 2.369497537612915039e+00 2.893635988235473633e+00
2.049691677093505859e+00 2.319593667984008789e+00 2.501768827438354492e+00 2.675114154815673828e+00 2.909400224685668945e+00 3.217093706130981445e+00 3.551995277404785156e+00 3.859133481979370117e+00 4.177048206329345703e+00 4.480207920074462891e+00 4.624355316162109375e+00 4.386563777923583984e+00 3.958691120147705078e+00 3.565405130386352539e+00 3.251281499862670898e+00 3.118957519531250000e+00 3.169209957122802734e+00 3.379886150360107422e+00 3.719482898712158203e+00 4.128481864929199219e+00 4.525576591491699219e+00 4.828805923461914062e+00 5.021121025085449219e+00 5.137696266174316406e+00 5.147140502929687500e+00 4.864989280700683594e+00 4.355610847473144531e+00 3.810754060745239258e+00 3.336221456527709961e+00 2.967879056930541992e+00 2.742366075515747070e+00 2.676311016082763672e+00 2.753619670867919922e+00 2.949370145797729492e+00 3.255327939987182617e+00 3.706730365753173828e+00 4.335115909576416016e+00
3.534634113311767578e+00 3.943953514099121094e+00 4.119981765747070312e+00 4.273758888244628906e+00 4.544226169586181641e+00 4.954449653625488281e+00 5.413560390472412109e+00 5.772706508636474609e+00 6.198177814483642578e+00 6.699240684509277344e+00 7.039138793945312500e+00 6.581449031829833984e+00 5.858457088470458984e+00 5.248433589935302734e+00 4.862166404724121094e+00 4.714730262756347656e+00 4.795014381408691406e+00 5.080163955688476562e+00 5.544890403747558594e+00 6.125645637512207031e+00 6.693305015563964844e+00 7.086132049560546875e+00 7.297230243682861328e+00 7.462171077728271484e+00 7.589478015899658203e+00 7.206866741180419922e+00 6.411335945129394531e+00 5.638918876647949219e+00 5.017483234405517578e+00 4.537410259246826172e+00 4.249614715576171875e+00 4.179340839385986328e+00 4.289897441864013672e+00 4.533820152282714844e+00 4.873240947723388672e+00 5.369205474853515625e+00 6.079074382781982422e+00
5.438358783721923828e+00 6.068377971649169922e+00 6.134609222412109375e+00 6.194084644317626953e+00 6.484878540039062500e+00 7.048448562622070312e+00 7.734087944030761719e+00 8.046618461608886719e+00 8.559582710266113281e+00 9.375048637390136719e+00 1.022875976562500000e+01 9.210322380065917969e+00 8.057190895080566406e+00 7.170820236206054688e+00 6.730229854583740234e+00 6.608658313751220703e+00 6.738029956817626953e+00 7.099740028381347656e+00 7.704702854156494141e+00 8.515936851501464844e+00 9.353713035583496094e+00 9.786246299743652344e+00 9.992202758789062500e+00 1.018404579162597656e+01 1.064321422576904297e+01 1.008097171783447266e+01 8.724392890930175781e+00 7.753435611724853516e+00 7.018899917602539062e+00 6.412674903869628906e+00 6.052109241485595703e+00 5.998291015625000000e+00 6.179900646209716797e+00 6.502217292785644531e+00 6.844164371490478516e+00 7.350158691406250000e+00 8.110667228698730469e+00
7.685577869415283203e+00 8.816695213317871094e+00 8.533801078796386719e+00 8.379820823669433594e+00 8.666869163513183594e+00 9.462055206298828125e+00 1.070102691650390625e+01 1.060408401489257812e+01 1.109000968933105469e+01 1.227968311309814453e+01 1.304614067077636719e+01 1.214390659332275391e+01 1.038253307342529297e+01 9.288427352905273438e+00 8.864778518676757812e+00 8.810136795043945312e+00 8.991287231445312500e+00 9.402294158935546875e+00 1.013454723358154297e+01 1.125910949707031250e+01 1.259270191192626953e+01 1.298095321655273438e+01 1.305776214599609375e+01 1.305646419525146484e+01 1.313755512237548828e+01 1.239416408538818359e+01 1.104226970672607422e+01 1.008814048767089844e+01 9.368279457092285156e+00 8.574181556701660156e+00 8.106643676757812500e+00 8.089594841003417969e+00 8.426329612731933594e+00 8.912189483642578125e+00 9.178269386291503906e+00 9.642317771911621094e+00 1.039346027374267578e+01
1.007798671722412109e+01 1.139303302764892578e+01 1.119242000579833984e+01 1.072583484649658203e+01 1.096574974060058594e+01 1.194747161865234375e+01 1.333674049377441406e+01 1.317005157470703125e+01 1.350489425659179688e+01 1.417570590972900391e+01 1.406983757019042969e+01 1.404143238067626953e+01 1.253858661651611328e+01 1.141863822937011719e+01 1.127385711669921875e+01 1.135877799987792969e+01 1.157855892181396484e+01 1.195749473571777344e+01 1.271370601654052734e+01 1.414721870422363281e+01 1.515645885467529297e+01 1.525452899932861328e+01 1.520064544677734375e+01 1.499214553833007812e+01 1.448669147491455078e+01 1.346997642517089844e+01 1.278775215148925781e+01 1.270264053344726562e+01 1.220038986206054688e+01 1.098632049560546875e+01 1.035596370697021484e+01 1.042472457885742188e+01 1.103841018676757812e+01 1.188373851776123047e+01 1.186237621307373047e+01 1.222401809692382812e+01 1.292826461791992188e+01
1.207327747344970703e+01 1.281893444061279297e+01 1.318903923034667969e+01 1.302766799926757812e+01 1.323659992218017578e+01 1.377259349822998047e+01 1.441700553894042969e+01 1.473717403411865234e+01 1.488922023773193359e+01 1.484905338287353516e+01 1.479048252105712891e+01 1.471489238739013672e+01 1.386708927154541016e+01 1.339828300476074219e+01 1.406987094879150391e+01 1.432008361816406250e+01 1.450315856933593750e+01 1.473125267028808594e+01 1.522025966644287109e+01 1.595553779602050781e+01 1.592513465881347656e+01 1.592588233947753906e+01 1.588418388366699219e+01 1.576138782501220703e+01 1.555366516113281250e+01 1.515455627441406250e+01 1.485435199737548828e+01 1.497364902496337891e+01 1.470094299316406250e+01 1.341680526733398438e+01 1.265292072296142578e+01 1.291291141510009766e+01 1.391691684722900391e+01 1.472214698791503906e+01 1.472017002105712891e+01 1.505384445190429688e+01 1.567593002319335938e+01
1.364440441131591797e+01 1.380573558807373047e+01 1.410659694671630859e+01 1.451102447509765625e+01 1.479044628143310547e+01 1.500144386291503906e+01 1.507091045379638672e+01 1.521963024139404297e+01 1.532728195190429688e+01 1.536684322357177734e+01 1.537458705902099609e+01 1.538210010528564453e+01 1.518033313751220703e+01 1.518962001800537109e+01 1.620429420471191406e+01 1.636882019042968750e+01 1.648574829101562500e+01 1.658307838439941406e+01 1.665425491333007812e+01 1.658632659912109375e+01 1.656427383422851562e+01 1.656010818481445312e+01 1.654324531555175781e+01 1.650739288330078125e+01 1.648114204406738281e+01 1.657117462158203125e+01 1.644215393066406250e+01 1.612220191955566406e+01 1.589855861663818359e+01 1.536175918579101562e+01 1.477525424957275391e+01 1.539879608154296875e+01 1.622245979309082031e+01 1.648560523986816406e+01 1.699399375915527344e+01 1.741785621643066406e+01 1.786925506591796875e+01
1.417018508911132812e+01 1.440062141418457031e+01 1.465721130371093750e+01 1.493776321411132812e+01 1.517615604400634766e+01 1.536249256134033203e+01 1.548947525024414062e+01 1.561793327331542969e+01 1.572861289978027344e+01 1.580860519409179688e+01 1.588091945648193359e+01 1.600691223144531250e+01 1.626518249511718750e+01 1.625105285644531250e+01 1.670045661926269531e+01 1.682406997680664062e+01 1.693101501464843750e+01 1.702486419677734375e+01 1.708990097045898438e+01 1.710813140869140625e+01 1.712575340270996094e+01 1.714600372314453125e+01 1.716376876831054688e+01 1.717984390258789062e+01 1.720870399475097656e+01 1.723731803894042969e+01 1.719740104675292969e+01 1.708996963500976562e+01 1.702184295654296875e+01 1.704577064514160156e+01 1.664779853820800781e+01 1.734144783020019531e+01 1.758124732971191406e+01 1.786585998535156250e+01 1.827998542785644531e+01 1.871308326721191406e+01 1.916639137268066406e+01
1.457897472381591797e+01 1.482012557983398438e+01 1.506097221374511719e+01 1.529734325408935547e+01 1.550739574432373047e+01 1.568110847473144531e+01 1.582228183746337891e+01 1.595713996887207031e+01 1.608434677124023438e+01 1.619314002990722656e+01 1.631699752807617188e+01 1.648926925659179688e+01 1.673157691955566406e+01 1.702327346801757812e+01 1.712953948974609375e+01 1.723970603942871094e+01 1.734745407104492188e+01 1.745138549804687500e+01 1.752563858032226562e+01 1.758351516723632812e+01 1.763216781616210938e+01 1.767972755432128906e+01 1.773538017272949219e+01 1.778693008422851562e+01 1.785034179687500000e+01 1.790923690795898438e+01 1.794477272033691406e+01 1.796548271179199219e+01 1.800281524658203125e+01 1.806177330017089844e+01 1.804376029968261719e+01 1.847753906250000000e+01 1.875059318542480469e+01 1.904299354553222656e+01 1.940722846984863281e+01 1.981959533691406250e+01 2.026040267944335938e+01
1.490608596801757812e+01 1.515009117126464844e+01 1.538560581207275391e+01 1.560425853729248047e+01 1.579913616180419922e+01 1.596884346008300781e+01 1.611934089660644531e+01 1.626834487915039062e+01 1.640840148925781250e+01 1.654086112976074219e+01 1.670178794860839844e+01 1.689925765991210938e+01 1.712190437316894531e+01 1.733601760864257812e+01 1.749013710021972656e+01 1.761789512634277344e+01 1.773774147033691406e+01 1.785044288635253906e+01 1.794213485717773438e+01 1.802771186828613281e+01 1.810026168823242188e+01 1.817156982421875000e+01 1.825963020324707031e+01 1.834502029418945312e+01 1.843874168395996094e+01 1.854297065734863281e+01 1.865333366394042969e+01 1.876650428771972656e+01 1.888880157470703125e+01 1.905960273742675781e+01 1.934086036682128906e+01 1.950811004638671875e+01 1.976126670837402344e+01 2.006011772155761719e+01 2.039058876037597656e+01 2.076112937927246094e+01 2.115902519226074219e+01
1.518227195739746094e+01 1.542912769317626953e+01 1.566021156311035156e+01 1.587209510803222656e+01 1.606514549255371094e+01 1.623879623413085938e+01 1.640103912353515625e+01 1.655761146545410156e+01 1.670730209350585938e+01 1.686981773376464844e+01 1.706308364868164062e+01 1.727191925048828125e+01 1.747657585144042969e+01 1.766545867919921875e+01 1.782702636718750000e+01 1.796562957763671875e+01 1.809761047363281250e+01 1.822048187255859375e+01 1.833407020568847656e+01 1.843896293640136719e+01 1.853589248657226562e+01 1.863135719299316406e+01 1.873885154724121094e+01 1.885687255859375000e+01 1.898798179626464844e+01 1.914419174194335938e+01 1.932195091247558594e+01 1.948184394836425781e+01 1.965980339050292969e+01 1.986546707153320312e+01 2.012205696105957031e+01 2.037585830688476562e+01 2.063114166259765625e+01 2.091481971740722656e+01 2.122136306762695312e+01 2.155268287658691406e+01 2.190526390075683594e+01
1.542000770568847656e+01 1.566973495483398438e+01 1.590174007415771484e+01 1.611588859558105469e+01 1.631629943847656250e+01 1.649628067016601562e+01 1.666941833496093750e+01 1.683305931091308594e+01 1.700382804870605469e+01 1.719754600524902344e+01 1.740640449523925781e+01 1.760955619812011719e+01 1.779899787902832031e+01 1.798137092590332031e+01 1.814059448242187500e+01 1.828721046447753906e+01 1.843012809753417969e+01 1.856534194946289062e+01 1.869344329833984375e+01 1.881547737121582031e+01 1.893678855895996094e+01 1.905663299560546875e+01 1.918155097961425781e+01 1.932970619201660156e+01 1.950126838684082031e+01 1.969657516479492188e+01 1.991290092468261719e+01 2.011762428283691406e+01 2.032804298400878906e+01 2.055690002441406250e+01 2.082591819763183594e+01 2.111876678466796875e+01 2.137177467346191406e+01 2.162872505187988281e+01 2.190956115722656250e+01 2.220516586303710938e+01 2.250939369201660156e+01
1.563234615325927734e+01 1.587965011596679688e+01 1.611404991149902344e+01 1.633604240417480469e+01 1.654613304138183594e+01 1.674291992187500000e+01 1.692697334289550781e+01 1.710374259948730469e+01 1.729757690429687500e+01 1.750665855407714844e+01 1.771282005310058594e+01 1.790967750549316406e+01 1.809381103515625000e+01 1.827011489868164062e+01 1.843383598327636719e+01 1.858729553222656250e+01 1.873942565917968750e+01 1.888131523132324219e+01 1.902342987060546875e+01 1.916363525390625000e+01 1.930546569824218750e+01 1.944485092163085938e+01 1.960011482238769531e+01 1.978046607971191406e+01 1.998168563842773438e+01 2.020929908752441406e+01 2.046014404296875000e+01 2.069438362121582031e+01 2.091894721984863281e+01 2.116033935546875000e+01 2.143356513977050781e+01 2.172137069702148438e+01 2.197095108032226562e+01 2.221912574768066406e+01 2.247936439514160156e+01 2.273091316223144531e+01 2.299137306213378906e+01
1.581761360168457031e+01 1.606518554687500000e+01 1.630598068237304688e+01 1.653729438781738281e+01 1.675890922546386719e+01 1.696582031250000000e+01 1.715988159179687500e+01 1.735809326171875000e+01 1.756394386291503906e+01 1.777935028076171875e+01 1.798678779602050781e+01 1.817955970764160156e+01 1.836125564575195312e+01 1.853738403320312500e+01 1.870443534851074219e+01 1.886486816406250000e+01 1.902250862121582031e+01 1.917520523071289062e+01 1.933307456970214844e+01 1.949055480957031250e+01 1.964841079711914062e+01 1.981580162048339844e+01 2.000544548034667969e+01 2.021597671508789062e+01 2.044656562805175781e+01 2.070285606384277344e+01 2.096603012084960938e+01 2.120464706420898438e+01 2.143169593811035156e+01 2.167915153503417969e+01 2.195532989501953125e+01 2.222544670104980469e+01 2.245978736877441406e+01 2.268990707397460938e+01 2.292232894897460938e+01 2.314026451110839844e+01 2.335918807983398438e+01
1.597489833831787109e+01 1.622890853881835938e+01 1.647812652587890625e+01 1.671624755859375000e+01 1.694332313537597656e+01 1.716070747375488281e+01 1.737098503112792969e+01 1.758223533630371094e+01 1.779680252075195312e+01 1.801996803283691406e+01 1.822818374633789062e+01 1.841690063476562500e+01 1.859941291809082031e+01 1.877713584899902344e+01 1.895104980468750000e+01 1.911985015869140625e+01 1.928392601013183594e+01 1.944884872436523438e+01 1.962021446228027344e+01 1.979582023620605469e+01 1.997430992126464844e+01 2.017092895507812500e+01 2.038831901550292969e+01 2.062478828430175781e+01 2.087777709960937500e+01 2.114052963256835938e+01 2.139769172668457031e+01 2.163334846496582031e+01 2.186700630187988281e+01 2.212145423889160156e+01 2.238078689575195312e+01 2.261922645568847656e+01 2.283860778808593750e+01 2.304134750366210938e+01 2.324207496643066406e+01 2.343510437011718750e+01 2.362464904785156250e+01
1.611833953857421875e+01 1.637720298767089844e+01 1.663025856018066406e+01 1.687195205688476562e+01 1.710433387756347656e+01 1.733088493347167969e+01 1.755534553527832031e+01 1.777453041076660156e+01 1.800004577636718750e+01 1.822796630859375000e+01 1.843521118164062500e+01 1.862804412841796875e+01 1.881279945373535156e+01 1.899413681030273438e+01 1.917328262329101562e+01 1.934913635253906250e+01 1.952423858642578125e+01 1.969907379150390625e+01 1.988393974304199219e+01 2.007590293884277344e+01 2.027692604064941406e+01 2.049491119384765625e+01 2.073077011108398438e+01 2.098063850402832031e+01 2.124415397644042969e+01 2.149959754943847656e+01 2.174567222595214844e+01 2.198059272766113281e+01 2.222419166564941406e+01 2.247131347656250000e+01 2.269977569580078125e+01 2.290912055969238281e+01 2.310411834716796875e+01 2.328834724426269531e+01 2.346505737304687500e+01 2.363309097290039062e+01 2.379773139953613281e+01
