Data/From_regional/PyPCGA_model_Heads.asc
NCOLS 200
NROWS 100
XLLCENTER 515244
YLLCENTER 8410178
CELLSIZE 167.0
NODATA_value -999.0
[rows 34 to 50 of 100, columns 74 to 110 of 200]
3.567960500717163086e+00 4.396009922027587891e+00 5.354021549224853516e+00 6.392671108245849609e+00 7.435739040374755859e+00 8.375879287719726562e+00 9.337005615234375000e+00 9.961758613586425781e+00 9.797114372253417969e+00 9.811082839965820312e+00 1.019779014587402344e+01 1.113518905639648438e+01 1.273034095764160156e+01 1.519610023498535156e+01 1.785464096069335938e+01 2.026290321350097656e+01 2.224627685546875000e+01 2.395476341247558594e+01 2.520674705505371094e+01 2.623473167419433594e+01 2.701407623291015625e+01 2.746294784545898438e+01 2.764329910278320312e+01 2.751671028137207031e+01 2.708528518676757812e+01 2.639231491088867188e+01 2.547953796386718750e+01 2.437301254272460938e+01 2.317382240295410156e+01 2.192351722717285156e+01 2.061359024047851562e+01 1.926587295532226562e+01 1.794663810729980469e+01 1.664389991760253906e+01 1.544807624816894531e+01 1.431948947906494141e+01 1.321365451812744141e+01
5.160365581512451172e+00 6.191988468170166016e+00 7.405465602874755859e+00 8.732468605041503906e+00 1.004454898834228516e+01 1.103482151031494141e+01 1.203094863891601562e+01 1.234662151336669922e+01 1.250247287750244141e+01 1.248235988616943359e+01 1.227304744720458984e+01 1.285954093933105469e+01 1.404578495025634766e+01 1.585117340087890625e+01 1.885056686401367188e+01 2.160893249511718750e+01 2.363197898864746094e+01 2.522347831726074219e+01 2.642902565002441406e+01 2.736400985717773438e+01 2.802363204956054688e+01 2.840437889099121094e+01 2.854086303710937500e+01 2.834848213195800781e+01 2.790151405334472656e+01 2.720591926574707031e+01 2.629867172241210938e+01 2.514987182617187500e+01 2.391517448425292969e+01 2.262485122680664062e+01 2.123861503601074219e+01 1.984068298339843750e+01 1.849837684631347656e+01 1.719172859191894531e+01 1.598498344421386719e+01 1.482083129882812500e+01 1.368228340148925781e+01
7.033383369445800781e+00 8.265536308288574219e+00 9.757499694824218750e+00 1.140153217315673828e+01 1.275844573974609375e+01 1.357709217071533203e+01 1.414367485046386719e+01 1.455525302886962891e+01 1.488115596771240234e+01 1.503583145141601562e+01 1.492545986175537109e+01 1.491162300109863281e+01 1.571811580657958984e+01 1.715168762207031250e+01 2.031605720520019531e+01 2.302830696105957031e+01 2.487082481384277344e+01 2.627836608886718750e+01 2.736009025573730469e+01 2.814487457275390625e+01 2.868842506408691406e+01 2.899764633178710938e+01 2.905060958862304688e+01 2.882242584228515625e+01 2.835628890991210938e+01 2.767696762084960938e+01 2.677180862426757812e+01 2.565674591064453125e+01 2.443255615234375000e+01 2.310946083068847656e+01 2.169506645202636719e+01 2.027401733398437500e+01 1.890872001647949219e+01 1.759638404846191406e+01 1.636082839965820312e+01 1.516559219360351562e+01 1.400283908843994141e+01
9.150395393371582031e+00 1.053211116790771484e+01 1.233180236816406250e+01 1.385851192474365234e+01 1.472580432891845703e+01 1.546245002746582031e+01 1.604563903808593750e+01 1.653178977966308594e+01 1.698937416076660156e+01 1.731459236145019531e+01 1.741323089599609375e+01 1.708367156982421875e+01 1.774815368652343750e+01 1.977278518676757812e+01 2.238433074951171875e+01 2.437365341186523438e+01 2.586920738220214844e+01 2.703906059265136719e+01 2.792326736450195312e+01 2.857279586791992188e+01 2.901734542846679688e+01 2.926332473754882812e+01 2.926821327209472656e+01 2.901337242126464844e+01 2.853392601013183594e+01 2.789154624938964844e+01 2.700003051757812500e+01 2.594606781005859375e+01 2.475843048095703125e+01 2.345464134216308594e+01 2.205776023864746094e+01 2.063189697265625000e+01 1.924420356750488281e+01 1.791820335388183594e+01 1.665959930419921875e+01 1.542254924774169922e+01 1.421561145782470703e+01
1.147897720336914062e+01 1.288391971588134766e+01 1.462727737426757812e+01 1.563102054595947266e+01 1.648049354553222656e+01 1.719174957275390625e+01 1.776905441284179688e+01 1.829885482788085938e+01 1.886647796630859375e+01 1.938668441772460938e+01 1.978172111511230469e+01 1.999299240112304688e+01 2.082589721679687500e+01 2.245324707031250000e+01 2.404843711853027344e+01 2.543612480163574219e+01 2.659237480163574219e+01 2.753242301940917969e+01 2.824878311157226562e+01 2.877041244506835938e+01 2.913139915466308594e+01 2.930578804016113281e+01 2.926288604736328125e+01 2.898620986938476562e+01 2.850539207458496094e+01 2.785677719116210938e+01 2.702547454833984375e+01 2.602567100524902344e+01 2.490887069702148438e+01 2.365943145751953125e+01 2.230741310119628906e+01 2.089944839477539062e+01 1.951664543151855469e+01 1.815099525451660156e+01 1.685634422302246094e+01 1.559277534484863281e+01 1.433715343475341797e+01
1.407317066192626953e+01 1.513712692260742188e+01 1.639342117309570312e+01 1.730053520202636719e+01 1.808138084411621094e+01 1.874099159240722656e+01 1.931722068786621094e+01 1.992330741882324219e+01 2.054853057861328125e+01 2.115926361083984375e+01 2.175095558166503906e+01 2.232180023193359375e+01 2.314847373962402344e+01 2.418076324462890625e+01 2.523793220520019531e+01 2.621189880371093750e+01 2.707087135314941406e+01 2.780483436584472656e+01 2.838853454589843750e+01 2.879437446594238281e+01 2.906690216064453125e+01 2.918214035034179688e+01 2.910739898681640625e+01 2.880975341796875000e+01 2.833237075805664062e+01 2.769787025451660156e+01 2.688977050781250000e+01 2.592369079589843750e+01 2.485538291931152344e+01 2.367257690429687500e+01 2.239614868164062500e+01 2.102548027038574219e+01 1.967132568359375000e+01 1.829846191406250000e+01 1.696332740783691406e+01 1.565152072906494141e+01 1.435561943054199219e+01
1.666441535949707031e+01 1.735264587402343750e+01 1.808806610107421875e+01 1.880882263183593750e+01 1.948591804504394531e+01 2.010052871704101562e+01 2.070127296447753906e+01 2.133948516845703125e+01 2.195187759399414062e+01 2.256582832336425781e+01 2.318689918518066406e+01 2.380847167968750000e+01 2.449236488342285156e+01 2.527585792541503906e+01 2.600263214111328125e+01 2.670084190368652344e+01 2.734242820739746094e+01 2.789254760742187500e+01 2.834970092773437500e+01 2.868249511718750000e+01 2.889030075073242188e+01 2.895841217041015625e+01 2.886996459960937500e+01 2.853179550170898438e+01 2.804395484924316406e+01 2.741474151611328125e+01 2.666626739501953125e+01 2.574900245666503906e+01 2.471823310852050781e+01 2.356511878967285156e+01 2.231910133361816406e+01 2.099751853942871094e+01 1.965284538269042969e+01 1.827986526489257812e+01 1.693758392333984375e+01 1.558931541442871094e+01 1.426017093658447266e+01
1.831963920593261719e+01 1.891517257690429688e+01 1.953331184387207031e+01 2.014371681213378906e+01 2.072292900085449219e+01 2.128381919860839844e+01 2.187210083007812500e+01 2.250398254394531250e+01 2.303804397583007812e+01 2.360435867309570312e+01 2.416325950622558594e+01 2.473336791992187500e+01 2.529710197448730469e+01 2.588089370727539062e+01 2.642162322998046875e+01 2.694625091552734375e+01 2.741843986511230469e+01 2.784843254089355469e+01 2.821096038818359375e+01 2.847662925720214844e+01 2.862718391418457031e+01 2.863858222961425781e+01 2.848315238952636719e+01 2.815745735168457031e+01 2.766578292846679688e+01 2.708698463439941406e+01 2.635952758789062500e+01 2.549536705017089844e+01 2.450551986694335938e+01 2.338278198242187500e+01 2.214164352416992188e+01 2.082948303222656250e+01 1.947629928588867188e+01 1.809444427490234375e+01 1.672938728332519531e+01 1.536698150634765625e+01 1.402715206146240234e+01
1.965601348876953125e+01 2.018530273437500000e+01 2.073950195312500000e+01 2.127852630615234375e+01 2.178926658630371094e+01 2.228520774841308594e+01 2.278862190246582031e+01 2.330648803710937500e+01 2.382596969604492188e+01 2.434048843383789062e+01 2.482436561584472656e+01 2.530650901794433594e+01 2.575909233093261719e+01 2.619668769836425781e+01 2.660415649414062500e+01 2.699485397338867188e+01 2.736929893493652344e+01 2.771228599548339844e+01 2.799856948852539062e+01 2.819767189025878906e+01 2.828689575195312500e+01 2.824201583862304688e+01 2.804902458190917969e+01 2.770430564880371094e+01 2.723681831359863281e+01 2.666531181335449219e+01 2.597214889526367188e+01 2.514541244506835938e+01 2.418482780456542969e+01 2.309028434753417969e+01 2.188041496276855469e+01 2.057404136657714844e+01 1.918997764587402344e+01 1.779577064514160156e+01 1.639662361145019531e+01 1.502731037139892578e+01 1.366353034973144531e+01
2.073796653747558594e+01 2.120295143127441406e+01 2.169568252563476562e+01 2.217085647583007812e+01 2.263326263427734375e+01 2.306673240661621094e+01 2.349897766113281250e+01 2.394646835327148438e+01 2.441147613525390625e+01 2.483796501159667969e+01 2.524875640869140625e+01 2.564284896850585938e+01 2.599735832214355469e+01 2.632599449157714844e+01 2.663475799560546875e+01 2.693444824218750000e+01 2.722057533264160156e+01 2.748076438903808594e+01 2.769841766357421875e+01 2.783593750000000000e+01 2.787304115295410156e+01 2.778959274291992188e+01 2.757090950012207031e+01 2.722276878356933594e+01 2.675190353393554688e+01 2.618484115600585938e+01 2.551014709472656250e+01 2.470207977294921875e+01 2.376063537597656250e+01 2.268779182434082031e+01 2.148769950866699219e+01 2.018030357360839844e+01 1.878819656372070312e+01 1.735537910461425781e+01 1.592720413208007812e+01 1.453914356231689453e+01 1.315644836425781250e+01
2.158608436584472656e+01 2.200782585144042969e+01 2.242518997192382812e+01 2.283105659484863281e+01 2.323373413085937500e+01 2.363478851318359375e+01 2.401937675476074219e+01 2.440191841125488281e+01 2.478953742980957031e+01 2.516129684448242188e+01 2.549464035034179688e+01 2.580931282043457031e+01 2.608104515075683594e+01 2.632676315307617188e+01 2.655944633483886719e+01 2.678074455261230469e+01 2.698812294006347656e+01 2.716527557373046875e+01 2.732088279724121094e+01 2.739353752136230469e+01 2.738227844238281250e+01 2.726499366760253906e+01 2.702519226074218750e+01 2.667135810852050781e+01 2.618176269531250000e+01 2.561242485046386719e+01 2.494390487670898438e+01 2.414903831481933594e+01 2.321802139282226562e+01 2.215223312377929688e+01 2.094218063354492188e+01 1.960343742370605469e+01 1.817982673645019531e+01 1.670798110961914062e+01 1.525641632080078125e+01 1.387660789489746094e+01 1.246581268310546875e+01
2.227157402038574219e+01 2.263010978698730469e+01 2.297849082946777344e+01 2.332607269287109375e+01 2.368739700317382812e+01 2.405047035217285156e+01 2.439457511901855469e+01 2.472656822204589844e+01 2.504975891113281250e+01 2.535051345825195312e+01 2.561599922180175781e+01 2.585640144348144531e+01 2.605700683593750000e+01 2.623273849487304688e+01 2.639632225036621094e+01 2.654500198364257812e+01 2.667380523681640625e+01 2.677639198303222656e+01 2.685407066345214844e+01 2.688327598571777344e+01 2.681969261169433594e+01 2.666259384155273438e+01 2.637994194030761719e+01 2.600585937500000000e+01 2.550505447387695312e+01 2.492959594726562500e+01 2.424883079528808594e+01 2.345599555969238281e+01 2.250978660583496094e+01 2.143601608276367188e+01 2.019119071960449219e+01 1.883735466003417969e+01 1.737452125549316406e+01 1.582215881347656250e+01 1.428297138214111328e+01 1.285401248931884766e+01 1.144297599792480469e+01
2.281645393371582031e+01 2.311816024780273438e+01 2.341511726379394531e+01 2.372709655761718750e+01 2.405535125732421875e+01 2.437559700012207031e+01 2.467022514343261719e+01 2.494657516479492188e+01 2.520511436462402344e+01 2.543875694274902344e+01 2.563996124267578125e+01 2.580337142944335938e+01 2.593812179565429688e+01 2.605018615722656250e+01 2.614842605590820312e+01 2.623208427429199219e+01 2.629183959960937500e+01 2.632470321655273438e+01 2.632751464843750000e+01 2.629288482666015625e+01 2.617516708374023438e+01 2.596723556518554688e+01 2.563310432434082031e+01 2.522075843811035156e+01 2.470524215698242188e+01 2.410424995422363281e+01 2.339904975891113281e+01 2.257306671142578125e+01 2.160095214843750000e+01 2.048135185241699219e+01 1.920179176330566406e+01 1.781175041198730469e+01 1.630586433410644531e+01 1.463877487182617188e+01 1.293581962585449219e+01 1.144652366638183594e+01 1.004413890838623047e+01
2.324934577941894531e+01 2.350516891479492188e+01 2.376467895507812500e+01 2.404509925842285156e+01 2.433505249023437500e+01 2.460949134826660156e+01 2.485371208190917969e+01 2.507336425781250000e+01 2.527047729492187500e+01 2.544110488891601562e+01 2.557848548889160156e+01 2.566581535339355469e+01 2.573656845092773438e+01 2.578303527832031250e+01 2.581556701660156250e+01 2.583314514160156250e+01 2.583036613464355469e+01 2.580095672607421875e+01 2.573344230651855469e+01 2.562212753295898438e+01 2.544770050048828125e+01 2.518485260009765625e+01 2.478660774230957031e+01 2.430253028869628906e+01 2.376381492614746094e+01 2.312026786804199219e+01 2.238146781921386719e+01 2.151853561401367188e+01 2.049664115905761719e+01 1.932275581359863281e+01 1.798602294921875000e+01 1.651246452331542969e+01 1.491546344757080078e+01 1.309151554107666016e+01 1.098266124725341797e+01 9.412563323974609375e+00 8.052778244018554688e+00
2.357818412780761719e+01 2.379712867736816406e+01 2.402701950073242188e+01 2.427580642700195312e+01 2.452796173095703125e+01 2.475954055786132812e+01 2.495421409606933594e+01 2.511165618896484375e+01 2.524262428283691406e+01 2.535103225708007812e+01 2.541116333007812500e+01 2.543597221374511719e+01 2.544071769714355469e+01 2.542857551574707031e+01 2.539842033386230469e+01 2.534600067138671875e+01 2.528431701660156250e+01 2.518881225585937500e+01 2.505489158630371094e+01 2.487139320373535156e+01 2.461563873291015625e+01 2.427397346496582031e+01 2.380438804626464844e+01 2.327320480346679688e+01 2.268108749389648438e+01 2.199187850952148438e+01 2.119925498962402344e+01 2.027402877807617188e+01 1.918631744384765625e+01 1.792921829223632812e+01 1.651571655273437500e+01 1.497316741943359375e+01 1.330698490142822266e+01 1.144214344024658203e+01 9.277397155761718750e+00 7.643410205841064453e+00 6.287267684936523438e+00
2.381207275390625000e+01 2.400128364562988281e+01 2.420810890197753906e+01 2.442727851867675781e+01 2.464272880554199219e+01 2.483574295043945312e+01 2.497893142700195312e+01 2.505737686157226562e+01 2.511795425415039062e+01 2.517423248291015625e+01 2.516397285461425781e+01 2.512192153930664062e+01 2.506407737731933594e+01 2.498742103576660156e+01 2.489737892150878906e+01 2.477797317504882812e+01 2.464345359802246094e+01 2.448007011413574219e+01 2.426854515075683594e+01 2.400877952575683594e+01 2.366266059875488281e+01 2.321918678283691406e+01 2.270178031921386719e+01 2.213225555419921875e+01 2.148043823242187500e+01 2.072667121887207031e+01 1.987035369873046875e+01 1.887296485900878906e+01 1.771414947509765625e+01 1.634125328063964844e+01 1.482955741882324219e+01 1.315774345397949219e+01 1.145538997650146484e+01 9.676616668701171875e+00 7.686833858489990234e+00 6.128842353820800781e+00 4.870820045471191406e+00
2.395758438110351562e+01 2.412458992004394531e+01 2.430852508544921875e+01 2.449821853637695312e+01 2.468164062500000000e+01 2.484237861633300781e+01 2.491445350646972656e+01 2.490496635437011719e+01 2.489348030090332031e+01 2.487918853759765625e+01 2.483794593811035156e+01 2.472857475280761719e+01 2.460630035400390625e+01 2.446776199340820312e+01 2.431175422668457031e+01 2.413162231445312500e+01 2.391739273071289062e+01 2.367877578735351562e+01 2.339427947998046875e+01 2.304554176330566406e+01 2.260931587219238281e+01 2.209634399414062500e+01 2.154938888549804688e+01 2.091680717468261719e+01 2.018774223327636719e+01 1.932991218566894531e+01 1.841319274902343750e+01 1.735238838195800781e+01 1.612743568420410156e+01 1.465480899810791016e+01 1.298476219177246094e+01 1.096855258941650391e+01 9.283139228820800781e+00 7.686620712280273438e+00 6.129580974578857422e+00 4.790976047515869141e+00 3.676171064376831055e+00
