Scripts/Flo_py_wrkspace3/PyPCGA_model_Heads_Clip.asc
ncols        45
nrows        46
xllcorner    530190.500000000000
yllcorner    8418277.500000000000
cellsize     167.000000000000
NODATA_value  -999
[rows 18 to 35 of 46, columns 0 to 39 of 45]
7.2407379150390625 8.9422273635864257813 10.243317604064941406 11.268576622009277344 11.758616447448730469 12.179507255554199219 12.54151153564453125 12.821399688720703125 13.012318611145019531 13.132096290588378906 13.188458442687988281 13.170732498168945313 13.10573577880859375 13.005014419555664063 12.885289192199707031 12.750082015991210938 12.5944976806640625 12.426998138427734375 12.253836631774902344 12.071413040161132813 11.884796142578125 11.699731826782226563 11.527018547058105469 11.373743057250976563 11.267287254333496094 11.215369224548339844 11.206412315368652344 11.217554092407226563 11.22681427001953125 11.254947662353515625 11.294584274291992188 11.348996162414550781 11.408458709716796875 11.46569061279296875 11.513662338256835938 11.548178672790527344 11.569657325744628906 11.580789566040039063 11.58478546142578125 11.584747314453125
9.1700592041015625 10.705385208129882813 11.522368431091308594 12.102901458740234375 12.586080551147460938 12.965683937072753906 13.264239311218261719 13.506871223449707031 13.672573089599609375 13.750921249389648438 13.721286773681640625 13.611638069152832031 13.445406913757324219 13.237080574035644531 13.017995834350585938 12.798117637634277344 12.567343711853027344 12.326437950134277344 12.081543922424316406 11.83144378662109375 11.570952415466308594 11.320568084716796875 11.107590675354003906 10.9094390869140625 10.799145698547363281 10.778029441833496094 10.819636344909667969 10.88822174072265625 10.906348228454589844 10.983303070068359375 11.064955711364746094 11.151904106140136719 11.245800971984863281 11.330004692077636719 11.40575408935546875 11.466119766235351563 11.509979248046875 11.536722183227539063 11.551082611083984375 11.556509017944335938
10.683037757873535156 11.593815803527832031 12.377801895141601563 13.00586700439453125 13.490355491638183594 13.855730056762695313 14.15451812744140625 14.392567634582519531 14.525319099426269531 14.53369903564453125 14.392162322998046875 14.128650665283203125 13.78859710693359375 13.424170494079589844 13.075186729431152344 12.743903160095214844 12.414557456970214844 12.082017898559570313 11.753710746765136719 11.420166969299316406 11.072205543518066406 10.739596366882324219 9.9343109130859375 9.4135465621948242188 9.1967258453369140625 9.16706085205078125 9.3190889358520507813 9.7361764907836914063 10.417278289794921875 10.587668418884277344 10.727177619934082031 10.86236572265625 11.02176666259765625 11.138102531433105469 11.2497406005859375 11.339678764343261719 11.405200004577636719 11.450122833251953125 11.479043960571289063 11.494915008544921875
11.608578681945800781 12.5607452392578125 13.366801261901855469 14.030175209045410156 14.527679443359375 14.923976898193359375 15.261350631713867188 15.481861114501953125 15.546608924865722656 15.477642059326171875 15.195812225341796875 14.705895423889160156 14.061394691467285156 13.469815254211425781 12.966647148132324219 12.508021354675292969 12.063699722290039063 11.629761695861816406 11.214656829833984375 10.812344551086425781 10.360134124755859375 9.4074144363403320313 8.2940950393676757813 7.6013541221618652344 7.21944427490234375 7.0923480987548828125 7.2243008613586425781 7.6734752655029296875 8.5513944625854492188 8.9486408233642578125 9.2124805450439453125 9.5164804458618164063 10.124001502990722656 10.873785018920898438 11.041188240051269531 11.168789863586425781 11.264901161193847656 11.334089279174804688 11.379245758056640625 11.409883499145507813
12.614042282104492188 13.657561302185058594 14.489499092102050781 15.169948577880859375 15.717592239379882813 16.16883087158203125 16.537439346313476563 16.753324508666992188 16.775075912475585938 16.581693649291992188 16.124551773071289063 15.308439254760742188 14.097765922546386719 13.2108154296875 12.491032600402832031 11.857193946838378906 11.222967147827148438 10.634990692138671875 10.087705612182617188 9.5821399688720703125 8.9715108871459960938 7.9896378517150878906 7.0390009880065917969 6.2701659202575683594 5.7111601829528808594 5.4120655059814453125 5.4143509864807128906 5.7325906753540039063 6.2698574066162109375 6.7099294662475585938 7.1562652587890625 7.7633676528930664063 8.6928529739379882813 10.032258987426757813 10.807466506958007813 10.979214668273925781 11.107052803039550781 11.200326919555664063 11.266634941101074219 11.314511299133300781
13.732233047485351563 14.856480598449707031 15.74086761474609375 16.460000991821289063 17.050342559814453125 17.57209014892578125 17.986757278442382813 18.20093536376953125 18.16902923583984375 17.851457595825195313 17.285120010375976563 16.313558578491210938 14.936307907104492188 13.920276641845703125 13.006325721740722656 12.119335174560546875 11.132966995239257813 10.242033958435058594 9.5083742141723632813 8.9117879867553710938 8.267730712890625 7.46471405029296875 6.5965075492858886719 5.7200093269348144531 4.8688421249389648438 4.2553133964538574219 3.9966893196105957031 4.0982456207275390625 4.4787783622741699219 4.9747266769409179688 5.6152629852294921875 6.5035867691040039063 7.756404876708984375 9.4173288345336914063 10.54651641845703125 10.782239913940429688 10.94794464111328125 11.064944267272949219 11.149013519287109375 11.211148262023925781
14.955084800720214844 16.158061981201171875 17.133089065551757813 17.893619537353515625 18.561937332153320313 19.152584075927734375 19.5774078369140625 19.764169692993164063 19.715221405029296875 19.366201400756835938 18.7433013916015625 17.849086761474609375 16.754602432250976563 15.69843292236328125 14.607764244079589844 13.499776840209960938 12.080358505249023438 10.859154701232910156 9.9780673980712890625 9.4580011367797851563 8.8594675064086914063 8.1288976669311523438 7.2696175575256347656 6.2328124046325683594 4.8677511215209960938 3.7534272670745849609 3.0963199138641357422 2.9213652610778808594 3.1545298099517822266 3.6960620880126953125 4.5227041244506835938 5.6923232078552246094 7.2630376815795898438 9.119274139404296875 10.277491569519042969 10.564337730407714844 10.772027969360351563 10.913370132446289063 11.018807411193847656 11.094371795654296875
16.289068222045898438 17.629880905151367188 18.623666763305664063 19.488527297973632813 20.252264022827148438 20.878225326538085938 21.279100418090820313 21.422647476196289063 21.335935592651367188 20.909135818481445313 20.252298355102539063 19.411991119384765625 18.393451690673828125 17.316888809204101563 16.192508697509765625 14.966876983642578125 13.647853851318359375 12.199016571044921875 11.222437858581542969 10.774654388427734375 10.15374755859375 9.3790140151977539063 8.4602642059326171875 7.3107810020446777344 5.5229239463806152344 3.8132128715515136719 2.7187240123748779297 2.215496063232421875 2.2773182392120361328 2.8396940231323242188 3.82342529296875 5.2368001937866210938 7.2523317337036132813 9.2114849090576171875 9.9507398605346679688 10.327588081359863281 10.568648338317871094 10.731572151184082031 10.856055259704589844 10.951204299926757813
17.700725555419921875 19.081434249877929688 20.251810073852539063 21.256988525390625 22.091928482055664063 22.700700759887695313 23.060232162475585938 23.205266952514648438 23.073032379150390625 22.501821517944335938 21.721990585327148438 20.871883392333984375 19.881731033325195313 18.724107742309570313 17.55692291259765625 16.323850631713867188 15.017077445983886719 13.785679817199707031 12.777695655822753906 11.890005111694335938 11.06383514404296875 10.176589012145996094 9.2333574295043945313 7.5498743057250976563 5.6419806480407714844 3.9651823043823242188 2.6990456581115722656 1.9350266456604003906 1.7802815437316894531 2.2835428714752197266 3.3339986801147460938 4.7555985450744628906 6.5523939132690429688 8.626789093017578125 9.7881975173950195313 10.115143775939941406 10.361616134643554688 10.537252426147460938 10.671255111694335938 10.779577255249023438
19.166154861450195313 20.669538497924804688 21.980916976928710938 23.066740036010742188 23.923349380493164063 24.540172576904296875 24.843278884887695313 24.858102798461914063 24.546398162841796875 23.921766281127929688 23.104166030883789063 22.178510665893554688 21.11888885498046875 19.951295852661132813 18.751255035400390625 17.474269866943359375 16.161632537841796875 14.938166618347167969 13.845491409301757813 12.853384971618652344 11.889184951782226563 10.883550643920898438 9.8600025177001953125 8.0526027679443359375 6.0718975067138671875 4.3784799575805664063 3.0104076862335205078 2.0301601886749267578 1.608214259147644043 1.9365878105163574219 2.9624342918395996094 4.4248194694519042969 6.2053976058959960938 8.1911096572875976563 9.4735498428344726563 9.8586864471435546875 10.130412101745605469 10.326755523681640625 10.469241142272949219 10.582392692565917969
20.705907821655273438 22.335641860961914063 23.685598373413085938 24.777311325073242188 25.614442825317382813 26.19203948974609375 26.413904190063476563 26.354793548583984375 25.937896728515625 25.278158187866210938 24.397188186645507813 23.356996536254882813 22.218660354614257813 21.029302597045898438 19.783113479614257813 18.492071151733398438 17.180202484130859375 15.910167694091796875 14.741677284240722656 13.65456390380859375 12.606543540954589844 11.541881561279296875 10.458576202392578125 8.6264276504516601563 6.7266492843627929688 5.12360382080078125 3.6531190872192382813 2.4438831806182861328 1.7099565267562866211 1.7554891109466552734 2.6418797969818115234 4.1909174919128417969 6.2738680839538574219 8.248546600341796875 9.0807523727416992188 9.5523118972778320313 9.8649082183837890625 10.081397056579589844 10.236593246459960938 10.357138633728027344
22.24627685546875 23.954763412475585938 25.206747055053710938 26.234731674194335938 27.01407623291015625 27.462947845458984375 27.643299102783203125 27.516710281372070313 27.085285186767578125 26.392314910888671875 25.4795379638671875 24.373012542724609375 23.173822402954101563 21.923517227172851563 20.613590240478515625 19.265872955322265625 17.946638107299804688 16.643899917602539063 15.448076248168945313 14.319489479064941406 13.213654518127441406 12.113743782043457031 11.030231475830078125 9.341827392578125 7.6250090599060058594 6.145793914794921875 4.5542654991149902344 3.0941836833953857422 2.0100204944610595703 1.6839737892150878906 2.3136818408966064453 3.6549320220947265625 5.4988336563110351563 7.5409021377563476563 8.7912340164184570313 9.2346630096435546875 9.5637712478637695313 9.7927722930908203125 9.9588098526000976563 10.08697509765625
23.631978988647460938 25.223478317260742188 26.429025650024414063 27.364009857177734375 28.023632049560546875 28.404378890991210938 28.540863037109375 28.348482131958007813 27.901514053344726563 27.205919265747070313 26.298671722412109375 25.149871826171875 23.915174484252929688 22.624851226806640625 21.238615036010742188 19.8406829833984375 18.498376846313476563 17.191728591918945313 15.984983444213867188 14.820831298828125 13.682283401489257813 12.568265914916992188 11.416414260864257813 10.083987236022949219 8.6583395004272460938 7.3192305564880371094 5.5768589973449707031 3.7840554714202880859 2.3836238384246826172 1.6769058704376220703 1.9916570186614990234 3.1369237899780273438 4.8337349891662597656 6.8243737220764160156 8.34232330322265625 8.8368844985961914063 9.187763214111328125 9.4432458877563476563 9.616550445556640625 9.749568939208984375
24.870824813842773438 26.2783660888671875 27.360090255737304688 28.14487457275390625 28.688425064086914063 28.997646331787109375 29.050609588623046875 28.82242584228515625 28.356288909912109375 27.676967620849609375 26.771808624267578125 25.65674591064453125 24.43255615234375 23.109460830688476563 21.695066452026367188 20.274017333984375 18.908720016479492188 17.596384048461914063 16.360828399658203125 15.165592193603515625 14.002839088439941406 12.868739128112792969 11.688458442687988281 10.373518943786621094 9.0081548690795898438 7.6402921676635742188 6.1626076698303222656 4.2693705558776855469 2.62741851806640625 1.642407536506652832 1.6824223995208740234 2.6317350864410400391 4.1904883384704589844 6.1027507781982421875 7.8025989532470703125 8.3467302322387695313 8.7235393524169921875 9.0099811553955078125 9.193622589111328125 9.3180398941040039063
25.869207382202148438 27.039060592651367188 27.923267364501953125 28.572795867919921875 29.017345428466796875 29.263324737548828125 29.268213272094726563 29.013372421264648438 28.533926010131835938 27.891546249389648438 27.000030517578125 25.94606781005859375 24.75843048095703125 23.454641342163085938 22.057760238647460938 20.63189697265625 19.244203567504882813 17.918203353881835938 16.65959930419921875 15.422549247741699219 14.215611457824707031 13.0184173583984375 11.801538467407226563 10.501865386962890625 9.1237363815307617188 7.6962614059448242188 5.7828564643859863281 3.9196121692657470703 2.4422307014465332031 1.4656332731246948242 1.3533438444137573242 2.103969573974609375 3.4398772716522216797 5.0115895271301269531 6.7387938499450683594 7.7482805252075195313 8.1663656234741210938 8.4731235504150390625 8.669620513916015625 8.7925825119018554688
26.592374801635742188 27.532423019409179688 28.248783111572265625 28.770412445068359375 29.131399154663085938 29.305788040161132813 29.26288604736328125 28.986209869384765625 28.505392074584960938 27.856777191162109375 27.02547454833984375 26.025671005249023438 24.908870697021484375 23.65943145751953125 22.307413101196289063 20.899448394775390625 19.516645431518554688 18.150995254516601563 16.856344223022460938 15.592775344848632813 14.337153434753417969 13.095277786254882813 11.805194854736328125 10.393961906433105469 8.9128131866455078125 7.0195989608764648438 5.0649499893188476563 3.3952310085296630859 2.0857052803039550781 1.2269645929336547852 1.0350023508071899414 1.6111527681350708008 2.7449936866760253906 4.0948767662048339844 5.5848383903503417969 6.9577593803405761719 7.4585170745849609375 7.8168578147888183594 8.044200897216796875 8.1607313156127929688
27.070871353149414063 27.804834365844726563 28.3885345458984375 28.794374465942382813 29.06690216064453125 29.182140350341796875 29.10739898681640625 28.80975341796875 28.332370758056640625 27.697870254516601563 26.8897705078125 25.9236907958984375 24.855382919311523438 23.672576904296875 22.396148681640625 21.025480270385742188 19.67132568359375 18.2984619140625 16.963327407836914063 15.651520729064941406 14.355619430541992188 13.061473846435546875 11.682951927185058594 9.8166255950927734375 7.9960203170776367188 6.1839504241943359375 4.4765834808349609375 2.999744415283203125 1.8759063482284545898 1.0746060609817504883 0.77332609891891479492 1.1817382574081420898 2.1403110027313232422 3.3969278335571289063 4.5199761390686035156 5.2690148353576660156 5.7717308998107910156 6.1647396087646484375 6.446685791015625 6.4900178909301757813
27.342428207397460938 27.892547607421875 28.349700927734375 28.6824951171875 28.890300750732421875 28.95841217041015625 28.869964599609375 28.531795501708984375 28.043954849243164063 27.41474151611328125 26.66626739501953125 25.749002456665039063 24.718233108520507813 23.565118789672851563 22.319101333618164063 20.997518539428710938 19.652845382690429688 18.279865264892578125 16.93758392333984375 15.589315414428710938 14.260170936584472656 12.941339492797851563 11.197703361511230469 9.367557525634765625 7.5582489967346191406 5.8520026206970214844 4.2350759506225585938 2.8005797863006591797 1.7445605993270874023 0.98529762029647827148 0.56629759073257446289 0.76257878541946411133 1.4391428232192993164 2.3210284709930419922 3.1839652061462402344 3.5483045578002929688 3.8837668895721435547 4.1703810691833496094 4.3510069847106933594 4.3947010040283203125
