Scripts/Flo_py_wrkspace3/PyPCGA_model_Heads_Clip.asc
ncols        45
nrows        46
xllcorner    530190.500000000000
yllcorner    8418277.500000000000
cellsize     167.000000000000
NODATA_value  -999
[rows 0 to 17 of 46, columns 0 to 39 of 45]
-999.0 -999 -999 -999 -999 -999 -999 -999 -999 -999 -999 -999 -999 -999 -999 -999 -999 -999 -999 -999 -999 -999 -999 -999 -999 -999 -999 -999 -999 -999 -999 -999 -999 -999 -999 -999 -999 -999 -999 -999
-0.10503503680229187012 -0.091124311089515686035 -0.08232231438159942627 -0.08352927863597869873 -0.067529700696468353271 -0.081477575004100799561 -0.049595031887292861938 -0.036063138395547866821 -0.017578380182385444641 -0.053310990333557128906 -0.075643271207809448242 -0.067318208515644073486 -0.047114674001932144165 -0.018244158476591110229 0.025764627382159233093 0.065874673426151275635 0.14054991304874420166 0.27052459120750427246 0.45825928449630737305 0.72392302751541137695 1.0736664533615112305 1.4777953624725341797 1.876406550407409668 2.2081122398376464844 2.639972686767578125 3.1519527435302734375 3.6955001354217529297 3.8160216808319091797 3.8576006889343261719 3.4219408035278320313 2.4816653728485107422 1.573047637939453125 1.0133532285690307617 0.70785623788833618164 0.56817597150802612305 0.48831385374069213867 0.18342563509941101074 0.22565972805023193359 0.23501345515251159668 0.053021475672721862793
-0.1442289203405380249 -0.12049636244773864746 -0.10091886669397354126 -0.067801505327224731445 -0.054613158106803894043 -0.074927672743797302246 -0.033930093050003051758 -0.011541952379047870636 -0.0066136391833424568176 -0.033192262053489685059 -0.02561452426016330719 -0.012499455362558364868 0.019544819369912147522 0.049869697540998458862 0.11783457547426223755 0.26819431781768798828 0.51768893003463745117 0.84301054477691650391 1.2078253030776977539 1.6177576780319213867 2.0882489681243896484 2.6430454254150390625 3.2175099849700927734 3.5428888797760009766 4.0566339492797851563 4.7520837783813476563 5.1691198348999023438 5.0157752037048339844 4.5576863288879394531 3.9593048095703125 2.9874947071075439453 2.1485526561737060547 1.6990293264389038086 1.4903937578201293945 1.4024207592010498047 1.3462842702865600586 1.299691319465637207 1.0067417621612548828 0.63789892196655273438 0.20963235199451446533
-0.12270588427782058716 -0.10172399133443832397 -0.085188321769237518311 -0.054715707898139953613 -0.040781568735837936401 -0.013881653547286987305 0.013320914469659328461 0.0085553359240293502808 0.011338430456817150116 0.0149187454953789711 0.027706064283847808838 0.057259522378444671631 0.11521064490079879761 0.23938933014869689941 0.48546066880226135254 0.84709471464157104492 1.314995884895324707 1.847319483757019043 2.3584618568420410156 2.8607051372528076172 3.4129812717437744141 4.1562032699584960938 5.0835390090942382813 5.1659908294677734375 5.7484517097473144531 6.1729269027709960938 5.9504303932189941406 5.6220550537109375 5.181301116943359375 4.25438690185546875 3.4095346927642822266 2.9543747901916503906 2.7487516403198242188 2.6406865119934082031 2.5618009567260742188 2.487659454345703125 2.3688993453979492188 1.8833069801330566406 1.3807147741317749023 1.0445027351379394531
-0.11722677946090698242 -0.10184323042631149292 -0.059770029038190841675 -0.044696014374494552612 -0.02743382379412651062 -0.0099654924124479293823 0.012843831442296504974 0.014978786930441856384 0.024526270106434822083 0.069709062576293945313 0.15277129411697387695 0.27953967452049255371 0.50607126951217651367 0.82564979791641235352 1.2421541213989257813 1.7822735309600830078 2.4631869792938232422 3.2347080707550048828 3.8776545524597167969 4.4454970359802246094 5.0091295242309570313 5.8743915557861328125 6.904811859130859375 6.8915657997131347656 7.2105269432067871094 7.0092148780822753906 6.6666331291198730469 6.2011270523071289063 5.6440286636352539063 4.7866396903991699219 4.2541666030883789063 4.2326068878173828125 4.2537326812744140625 4.19606781005859375 4.1008296012878417969 4.0052127838134765625 3.9302849769592285156 3.0572652816772460938 2.3096253871917724609 1.8218020200729370117
-0.097512878477573394775 -0.084801532328128814697 -0.072066999971866607666 -0.024806462228298187256 -0.015749301761388778687 0.0014223854523152112961 0.01906805671751499176 0.049312502145767211914 0.13246452808380126953 0.34574240446090698242 0.60345500707626342773 0.92047095298767089844 1.2975459098815917969 1.7527840137481689453 2.3083443641662597656 2.9835307598114013672 3.8362286090850830078 5.0200095176696777344 5.8043508529663085938 6.3981256484985351563 6.8311939239501953125 7.367816925048828125 7.8755502700805664063 8.08020782470703125 7.9759716987609863281 7.7676663398742675781 7.4190530776977539063 6.8272218704223632813 6.0147047042846679688 5.4897456169128417969 5.4940166473388671875 6.0308828353881835938 6.2420244216918945313 6.2033176422119140625 6.0949726104736328125 5.9067063331604003906 5.6924610137939453125 4.4903664588928222656 3.4723508358001708984 2.9500212669372558594
-0.072530329227447509766 -0.066986739635467529297 -0.060574330389499664307 -0.013861429877579212189 0.009507007896900177002 0.019918968901038169861 0.064355462789535522461 0.23010383546352386475 0.55884116888046264648 0.9902394413948059082 1.4614354372024536133 1.8936357498168945313 2.3962230682373046875 2.9787437915802001953 3.6666975021362304688 4.4239583015441894531 5.3137049674987792969 6.5961003303527832031 7.4184579849243164063 7.9881834983825683594 8.35799407958984375 8.627132415771484375 8.6605739593505859375 8.69586181640625 8.6141939163208007813 8.4785556793212890625 8.2416086196899414063 7.4225130081176757813 6.871349334716796875 6.6904630661010742188 7.01734161376953125 7.8398141860961914063 8.0261678695678710938 7.9971709251403808594 7.8797640800476074219 7.5792336463928222656 6.9525165557861328125 5.7330026626586914063 4.7565903663635253906 4.3925900459289550781
-0.045697685331106185913 -0.03642775118350982666 -0.034688193351030349731 0.0021683897357434034348 0.028742006048560142517 0.085930854082107543945 0.28620064258575439453 0.69794452190399169922 1.2985756397247314453 1.9944416284561157227 2.6662690639495849609 3.1775574684143066406 3.8084425926208496094 4.5237712860107421875 5.3979558944702148438 6.2471375465393066406 6.3604116439819335938 7.1543760299682617188 8.07819366455078125 8.67520904541015625 9.0403995513916015625 9.25537109375 9.3116655349731445313 9.3108005523681640625 9.2802257537841796875 9.2062816619873046875 9.0630626678466796875 8.62412261962890625 8.3410892486572265625 8.2802333831787109375 8.4836912155151367188 8.8910036087036132813 8.9498805999755859375 8.9174413681030273438 8.7699975967407226563 8.458255767822265625 7.9872503280639648438 6.9323034286499023438 6.1778149604797363281 6.1113133430480957031
-0.014670580625534057617 0.00062008143868297338486 0.014644530601799488068 0.0529516562819480896 0.1258217543363571167 0.31882381439208984375 0.75473791360855102539 1.4342060089111328125 2.3180298805236816406 3.3124454021453857422 4.2120637893676757813 4.7856502532958984375 5.5508513450622558594 6.367763519287109375 7.4731893539428710938 8.1560678482055664063 7.7044224739074707031 7.9601330757141113281 8.6530160903930664063 9.411724090576171875 9.6756315231323242188 9.8190145492553710938 9.8930406570434570313 9.9348516464233398438 9.9682779312133789063 9.9537401199340820313 9.8843088150024414063 9.870853424072265625 9.8073720932006835938 9.771270751953125 9.788829803466796875 9.7173948287963867188 9.684474945068359375 9.6260747909545898438 9.4738979339599609375 9.2297534942626953125 8.8971471786499023438 8.2137470245361328125 7.7269968986511230469 7.6538481712341308594
0.020710621029138565063 0.048171959817409515381 0.10628654807806015015 0.2087793201208114624 0.40806367993354797363 0.80044972896575927734 1.4420492649078369141 2.3645379543304443359 3.5492374897003173828 4.9138970375061035156 6.2225017547607421875 6.6636219024658203125 7.6353063583374023438 8.3611583709716796875 9.1154870986938476563 9.18202972412109375 9.0852975845336914063 9.2329082489013671875 9.6825780868530273438 10.107998847961425781 10.278697013854980469 10.374670028686523438 10.456722259521484375 10.528376579284667969 10.565461158752441406 10.59868621826171875 10.5625762939453125 10.5225982666015625 10.479416847229003906 10.437130928039550781 10.385098457336425781 10.31182861328125 10.246081352233886719 10.1789703369140625 10.0548248291015625 9.8812007904052734375 9.63677978515625 9.3712778091430664063 9.03955078125 8.5812520980834960938
0.078050844371318817139 0.18768805265426635742 0.37434226274490356445 0.64219325780868530273 1.0070937871932983398 1.533679962158203125 2.316158294677734375 3.4284298419952392578 4.89521026611328125 6.673000335693359375 8.1935281753540039063 8.5920276641845703125 9.4266223907470703125 9.7390966415405273438 9.9087085723876953125 10.065558433532714844 10.344149589538574219 10.519577980041503906 10.699130058288574219 10.722306251525878906 10.800104141235351563 10.881623268127441406 10.962708473205566406 11.006466865539550781 11.036525726318359375 11.070244789123535156 11.062211036682128906 11.030635833740234375 10.983697891235351563 10.935032844543457031 10.865926742553710938 10.779965400695800781 10.694510459899902344 10.6171875 10.523074150085449219 10.397133827209472656 10.21794891357421875 9.9691705703735351563 9.67290496826171875 9.2906007766723632813
0.26888504624366760254 0.56332093477249145508 0.98489046096801757813 1.4607638120651245117 1.9521081447601318359 2.53821563720703125 3.3611857891082763672 4.5623311996459960938 6.1942534446716308594 8.1145086288452148438 9.243312835693359375 9.7789621353149414063 10.089879989624023438 10.3448333740234375 10.528681755065917969 10.690443038940429688 10.878392219543457031 11.038275718688964844 11.170070648193359375 11.203751564025878906 11.244402885437011719 11.2977294921875 11.346367835998535156 11.377450942993164063 11.401192665100097656 11.418293952941894531 11.4056549072265625 11.3908538818359375 11.343479156494140625 11.292566299438476563 11.224438667297363281 11.143658638000488281 11.061387062072753906 10.969851493835449219 10.884554862976074219 10.78240966796875 10.639355659484863281 10.449770927429199219 10.207135200500488281 9.8985109329223632813
0.68899148702621459961 1.2715928554534912109 1.9828999042510986328 2.6987426280975341797 3.2818830013275146484 3.8467457294464111328 4.5909576416015625 5.7882494926452636719 7.6152019500732421875 9.4360971450805664063 9.9560594558715820313 10.347430229187011719 10.648584365844726563 10.870540618896484375 11.04608917236328125 11.182225227355957031 11.318485260009765625 11.449658393859863281 11.539349555969238281 11.57981109619140625 11.601388931274414063 11.618441581726074219 11.633597373962402344 11.643190383911132813 11.654795646667480469 11.651380538940429688 11.639475822448730469 11.612692832946777344 11.583493232727050781 11.535883903503417969 11.464928627014160156 11.39786529541015625 11.31520843505859375 11.230983734130859375 11.154171943664550781 11.076338768005371094 10.973395347595214844 10.82375335693359375 10.631261825561523438 10.40645599365234375
1.3727777004241943359 2.2806992530822753906 3.3526754379272460938 4.3978886604309082031 5.0477313995361328125 5.5274610519409179688 6.0338268280029296875 7.0173130035400390625 8.618312835693359375 10.141093254089355469 10.590174674987792969 10.897020339965820313 11.14334869384765625 11.338418960571289063 11.4776153564453125 11.584836006164550781 11.685793876647949219 11.783361434936523438 11.83052825927734375 11.861765861511230469 11.859470367431640625 11.84576416015625 11.831460952758789063 11.820183753967285156 11.810860633850097656 11.786828994750976563 11.767752647399902344 11.733979225158691406 11.699347496032714844 11.654154777526855469 11.601185798645019531 11.546147346496582031 11.476259231567382813 11.413311958312988281 11.352071762084960938 11.292120933532714844 11.217104911804199219 11.106991767883300781 10.96491241455078125 10.816510200500488281
2.2577943801879882813 3.5086252689361572266 5.0313906669616699219 6.6368556022644042969 7.339099884033203125 7.7170166969299316406 7.7594065666198730469 8.4249582290649414063 9.639339447021484375 10.843000411987304688 11.181812286376953125 11.415150642395019531 11.602263450622558594 11.75005340576171875 11.858263969421386719 11.932522773742675781 11.99465179443359375 12.053136825561523438 12.062314033508300781 12.05684661865234375 12.037027359008789063 11.9896392822265625 11.946138381958007813 11.908198356628417969 11.870708465576171875 11.829896926879882813 11.798524856567382813 11.769526481628417969 11.736148834228515625 11.690978050231933594 11.654812812805175781 11.608529090881347656 11.565314292907714844 11.525250434875488281 11.485652923583984375 11.443080902099609375 11.389300346374511719 11.317816734313964844 11.224514961242675781 11.13155364990234375
3.2629261016845703125 4.8021574020385742188 6.8147568702697753906 8.683437347412109375 9.2659235000610351563 9.6165056228637695313 9.6463308334350585938 10.121763229370117188 10.879090309143066406 11.530129432678222656 11.7388153076171875 11.904402732849121094 12.032593727111816406 12.125514030456542969 12.199130058288574219 12.226083755493164063 12.240317344665527344 12.245515823364257813 12.234617233276367188 12.179625511169433594 12.124909400939941406 12.047311782836914063 11.976948738098144531 11.911831855773925781 11.850309371948242188 11.795781135559082031 11.754975318908691406 11.720501899719238281 11.691648483276367188 11.658733367919921875 11.639425277709960938 11.614102363586425781 11.596842765808105469 11.581089973449707031 11.559727668762207031 11.540346145629882813 11.500741958618164063 11.458270072937011719 11.411072731018066406 11.360278129577636719
4.3472032546997070313 5.96846771240234375 7.9214258193969726563 9.5479106903076171875 10.1267852783203125 10.613447189331054688 11.154969215393066406 11.595365524291992188 11.953856468200683594 12.128746986389160156 12.260181427001953125 12.360788345336914063 12.429272651672363281 12.4616851806640625 12.477393150329589844 12.462522506713867188 12.425580024719238281 12.376477241516113281 12.318316459655761719 12.220509529113769531 12.124851226806640625 12.021502494812011719 11.927145004272460938 11.841191291809082031 11.75743865966796875 11.692675590515136719 11.644751548767089844 11.612943649291992188 11.593133926391601563 11.570890426635742188 11.567752838134765625 11.570116996765136719 11.581806182861328125 11.584888458251953125 11.584433555603027344 11.578112602233886719 11.563019752502441406 11.546052932739257813 11.526487350463867188 11.501990318298339844
5.6301946640014648438 7.2509102821350097656 8.9442434310913085938 10.380731582641601563 10.94408416748046875 11.426450729370117188 11.867992401123046875 12.221652030944824219 12.482019424438476563 12.625680923461914063 12.723989486694335938 12.774201393127441406 12.781409263610839844 12.753978729248046875 12.708456039428710938 12.644997596740722656 12.544626235961914063 12.439349174499511719 12.318195343017578125 12.184237480163574219 12.052883148193359375 11.918631553649902344 11.7912750244140625 11.674687385559082031 11.578116416931152344 11.511996269226074219 11.472270011901855469 11.4519805908203125 11.440705299377441406 11.438348770141601563 11.4524688720703125 11.481850624084472656 11.517725944519042969 11.548741340637207031 11.571065902709960938 11.58313751220703125 11.585227012634277344 11.583589553833007813 11.578912734985351563 11.569075584411621094
